==============================
W2_Frequencies_1
R->P2
[[0.0, 0.0, 0.0, 0.0, 0.0, 0.0, 0.0, 0.0, 0.0, 0.0, 0.0, 0.0, 0.0, 0.0, 0.0]]
R->P3
[[0.0, 0.0, 0.0, 0.0, 0.0, 0.0, 0.0, 0.0, 0.0, 0.0, 0.0, 0.0, 0.0, 0.0, 0.0]]
R->P1
[[-0.003130399537540162, 0.005922180423419639, -0.0049052003864821885, 0.0033977214111192964, -0.0016524491651130594, -9.870712476519208e-05, 0.0016090980897540336, -0.0026570807477394685, 0.0032333768432276627, -0.003277310593495904, 0.0029030596106362954, -0.002292264255632025, 0.00155605824224277, -0.0008552058810593445, 0.0003528738548988421]]
P1->P2
[[0.0, 0.0, 0.0, 0.0, 0.0, 0.0, 0.0, 0.0, 0.0, 0.0, 0.0, 0.0, 0.0, 0.0, 0.0]]
P1->P3
[[0.0, 0.0, 0.0, 0.0, 0.0, 0.0, 0.0, 0.0, 0.0, 0.0, 0.0, 0.0, 0.0, 0.0, 0.0]]
P2->P3
[[9.528152698425826e-07, -6.23064519111028e-07, 8.676326999337281e-07, -5.826238667580429e-07, 1.4191273569650628e-06, 1.6008519882260486e-07, 1.1169357760901319e-07, 7.225145564398594e-08, 2.722445020386884e-07, 1.0861238672324652e-06, -6.79915510161742e-07, 5.594636335694496e-07, -3.404798729664584e-07, 1.318588129825417e-06, -6.222815717087433e-07]]
==============================
W2_Energy_1
R->P2
[[0.0, 0.0, 0.0, 0.0, 0.0, 0.0, 0.0, 0.0, 0.0, 0.0, 0.0, 0.0, 0.0, 0.0, 0.0]]
R->P3
[[0.0, 0.0, 0.0, 0.0, 0.0, 0.0, 0.0, 0.0, 0.0, 0.0, 0.0, 0.0, 0.0, 0.0, 0.0]]
R->P1
[[-9.28318633811597e-06, 1.7715356096389462e-05, -1.5035287849680185e-05, 1.0968254177137919e-05, -6.106651563236725e-06, 9.567474475238905e-07, 3.801830590458694e-06, -7.408989071543392e-06, 9.78876131706789e-06, -1.0503882606423694e-05, 9.762413373887821e-06, -8.06726532331833e-06, 5.700768627438707e-06, -3.2459877946900696e-06, 1.390919006638308e-06]]
P1->P2
[[0.0, 0.0, 0.0, 0.0, 0.0, 0.0, 0.0, 0.0, 0.0, 0.0, 0.0, 0.0, 0.0, 0.0, 0.0]]
P1->P3
[[0.0, 0.0, 0.0, 0.0, 0.0, 0.0, 0.0, 0.0, 0.0, 0.0, 0.0, 0.0, 0.0, 0.0, 0.0]]
P2->P3
[[0.0, 0.0, 0.0, 0.0, 0.0, 0.0, 0.0, 0.0, 0.0, 0.0, 0.0, 0.0, 0.0, 0.0, 0.0]]
==============================
W1_Frequencies_1
R->P2
[[0.0, 0.0, 0.0, 0.0, 0.0, 0.0, 0.0, 0.0, 0.0, 0.0, 0.0, 0.0, 0.0, 0.0, 0.0]]
R->P3
[[0.0, 0.0, 0.0, 0.0, 0.0, 0.0, 0.0, 0.0, 0.0, 0.0, 0.0, 0.0, 0.0, 0.0, 0.0]]
R->P1
[[-0.00437211273576943, 0.008310109833223023, -0.006971935866240736, 0.004965163273479729, -0.002604753629212115, 0.00016695862945914495, 0.0020173338578578785, -0.0036110558633050014, 0.0045938401528953995, -0.004811072206592613, 0.00438769337449843, -0.003567375253183394, 0.002488146428863292, -0.0014020020400622216, 0.0005948792439480328]]
P1->P2
[[0.0, 0.0, 0.0, 0.0, 0.0, 0.0, 0.0, 0.0, 0.0, 0.0, 0.0, 0.0, 0.0, 0.0, 0.0]]
P1->P3
[[0.0, 0.0, 0.0, 0.0, 0.0, 0.0, 0.0, 0.0, 0.0, 0.0, 0.0, 0.0, 0.0, 0.0, 0.0]]
P2->P3
[[0.0, 0.0, 0.0, 0.0, 0.0, 0.0, 0.0, 0.0, 0.0, 0.0, 0.0, 0.0, 0.0, 0.0, 0.0]]
==============================
B5_Energy_1
R->P2
[[1.9311226996142873e-07, 6.277963437706677e-08, 3.7895567450829086e-08, 9.770287958432928e-09, -1.5021782797025192e-09, -1.964320542539816e-09, -4.4346523930031794e-11, 1.22727998070066e-09, 1.2086830165474733e-09, 1.6892175685958618e-09, 1.9761545996398448e-10, -5.643278765032929e-09, -9.027598615704222e-09, -7.060940165922914e-09, -2.957149240928701e-09]]
R->P3
[[-0.00015476170501686266, 2.941751790672469e-05, 1.6966049136307846e-05, 9.147302776708145e-06, 4.710476219773127e-06, 2.2839335928811067e-06, 1.0749630838901187e-06, 4.851810219988667e-07, 1.955331918600755e-07, 9.469175475338609e-08, 2.0461043198209995e-08, 1.62482700050452e-08, -4.55315516329451e-09, 1.762270416315317e-08, -1.3160139937838879e-08]]
R->P1
[[-8.98173038599375e-06, 3.4015981583576734e-05, -2.7716160682644704e-05, 2.47024216658318e-05, -1.7518189588996094e-05, 1.1655976517320244e-05, -4.999326040889602e-06, -1.0088858828257653e-08, 4.08047440666569e-06, -6.222263053066032e-06, 6.8277581899930165e-06, -6.199170932423292e-06, 4.651303855483658e-06, -2.766203065969893e-06, 1.2279208318097864e-06]]
P1->P2
[[5.6507598972849545e-06, 1.507002332859815e-06, 9.137836534739137e-07, 6.54480746511302e-07, 3.5099735547624654e-07, 2.4905352627571696e-07, 1.1403470596051914e-07, 8.238240930735704e-08, 4.0076869805257656e-08, 1.6035923567080357e-08, 1.3813420069594473e-08, 1.1594517544567543e-09, 2.226647736737741e-08, -1.2004018726279504e-08, 1.752448751788038e-08]]
P1->P3
[[-0.0016649491633483054, 0.0014543403825496891, 1.1915043782502882e-05, -1.3280484846048064e-05, 1.2676897002019742e-05, -8.057235117874708e-06, 1.65564964654784e-06, 5.096865750665816e-06, -8.433088240850721e-06, 6.496405329746536e-06, -2.743729762760039e-06, 3.920974781078624e-06, -8.291032269691006e-06, 9.135636641157222e-06, -3.907665214024335e-06]]
P2->P3
[[-0.00019459402102856038, 3.571265382955966e-05, 2.0921580531319395e-05, 1.1738789901943778e-05, 6.205663443771242e-06, 3.0936824670214356e-06, 1.4110081310590194e-06, 6.10094843857925e-07, 2.406207262374999e-07, 6.715597790529936e-08, 1.5309014505837028e-08, -1.0878871868334378e-08, 6.2148149499851954e-09, -6.508681134891202e-09, 4.4509109612785375e-09]]
==============================
B1_Energy_1
R->P2
[[-0.0007664643705140861, 0.0007129868029120967, -1.5782451925350216e-05, -2.2212987119130112e-05, 2.840430942591121e-05, -6.812418137935872e-06, -2.9358467083795414e-06, -4.2565539487560144e-06, 4.140021029330754e-06, 4.785516455330097e-06, -1.734304967568323e-05, 2.1184253178457846e-05, -3.2107193762842545e-05, 3.686998739219072e-05, -2.1746423819468674e-05]]
R->P3
[[-0.00012003389340264903, 0.0001001376048970215, 3.4196992892976397e-06, -1.8319453577442246e-05, 2.1252459421056136e-05, -4.371361070759638e-06, -3.015152529942111e-06, -6.988574889760235e-06, 3.062461918224013e-06, 1.5962705220279316e-05, -1.526318782807401e-05, 9.100835345540736e-06, -1.1460536266313937e-05, 3.003443405723283e-05, -1.5473759184952973e-05]]
R->P1
[[-0.0033414459220892923, 0.006229973594742977, -0.005178927806036432, 0.003723002464924713, -0.002027500567533466, 0.00025393286751544675, 0.00135674735712063, -0.0025902960749742826, 0.003372567840670415, -0.003575693682066096, 0.0032986647237717194, -0.002729756052681463, 0.0019082793268851254, -0.0010729485387920429, 0.0004483156998417656]]
P1->P2
[[-1.6396820257114086e-06, 5.208584319404963e-06, -1.224449004411099e-06, 2.9092892894766464e-06, -3.6740481057506713e-06, 1.7364548554610337e-06, 1.1669516863932472e-06, -6.002369978830302e-07, -1.5459634816750167e-06, -2.781098755733069e-06, 2.8060137768903815e-06, -3.694399066667131e-06, -6.645471595234653e-07, -2.0284213153587416e-06, 5.513415715086012e-06]]
P1->P3
[[1.8565330535125213e-05, -2.4756410308413024e-05, 1.3073956024456379e-05, -2.3361459999815537e-05, 2.5418793712095322e-05, -4.908661268565595e-06, -4.336738294585807e-06, -4.921463029328166e-06, -6.777950134484456e-07, 1.9965962380075197e-05, -2.191474495094603e-05, 9.382614033492942e-06, -1.3893601122916266e-05, 2.77091447825617e-05, -1.7377668655171874e-05]]
P2->P3
[[-5.276419656752296e-07, 3.456888006125869e-06, 8.140916857302116e-08, 1.794444217939617e-06, -1.6216268251822985e-06, 1.8017860663882557e-06, 1.7184945143300379e-06, 1.6368558591883797e-07, -6.701467328978916e-07, -6.695895450950506e-07, 2.2451390567154728e-06, -2.0521118437172303e-06, -1.1556617388747137e-06, -4.5807438144723767e-07, 3.94021479097062e-06]]
==============================
W1_Energy_1
R->P2
[[0.0, 0.0, 0.0, 0.0, 0.0, 0.0, 0.0, 0.0, 0.0, 0.0, 0.0, 0.0, 0.0, 0.0, 0.0]]
R->P3
[[0.0, 0.0, 0.0, 0.0, 0.0, 0.0, 0.0, 0.0, 0.0, 0.0, 0.0, 0.0, 0.0, 0.0, 0.0]]
R->P1
[[-2.5650970300011772e-05, 5.002770913872719e-05, -4.6151846646695994e-05, 4.0152332544369704e-05, -3.2704245558141885e-05, 2.4473770553004735e-05, -1.6297854165917562e-05, 9.082525800724289e-06, -3.1703084972460946e-06, -8.763139546725144e-07, 3.0766938463756566e-06, -3.783389278548614e-06, 3.266544344705613e-06, -2.1003456263673727e-06, 9.900163788669301e-07]]
P1->P2
[[-3.090262800473707e-08, 6.098418746227456e-08, -5.8704788351075874e-08, 5.5035036134794104e-08, -5.0140692308207734e-08, 4.4364293650125173e-08, -3.801084438666155e-08, 3.1322251557004834e-08, -2.4830378011207072e-08, 1.8689879172956212e-08, -1.322611550188811e-08, 8.713882850418678e-09, -5.131082638387899e-09, 2.5209430414109452e-09, -9.383613549216815e-10]]
P1->P3
[[0.0, 0.0, 0.0, 0.0, 0.0, 0.0, 0.0, 0.0, 0.0, 0.0, 0.0, 0.0, 0.0, 0.0, 0.0]]
P2->P3
[[0.0, 0.0, 0.0, 0.0, 0.0, 0.0, 0.0, 0.0, 0.0, 0.0, 0.0, 0.0, 0.0, 0.0, 0.0]]
==============================
W3_SymmetryFactor_1
R->P2
[[0.0, 0.0, 0.0, 0.0, 0.0, 0.0, 0.0, 0.0, 0.0, 0.0, 0.0, 0.0, 0.0, 0.0, 0.0]]
R->P3
[[2.0862351063968478e-06, -4.117039934369759e-06, 3.963157824852034e-06, -3.7154130063337953e-06, 3.384996033293082e-06, -2.99503169009331e-06, 2.566110499690508e-06, -2.1145638643388685e-06, 1.6762978473639235e-06, -1.2617529778951664e-06, 8.928945379242775e-07, -5.882739328439595e-07, 3.463992186954848e-07, -1.7018873585123577e-07, 6.334875416365054e-08]]
R->P1
[[0.0152649564227038, -0.030348627685447965, 0.029955008034219032, -0.029223064621680932, 0.028029938396988995, -0.026391644932785053, 0.02424771505202884, -0.021479601511260195, 0.01838847535250257, -0.014924520215575058, 0.01136390101150452, -0.008050947367196049, 0.005069637270779519, -0.0026457277276001135, 0.0010490672912514523]]
P1->P2
[[0.0, 0.0, 0.0, 0.0, 0.0, 0.0, 0.0, 0.0, 0.0, 0.0, 0.0, 0.0, 0.0, 0.0, 0.0]]
P1->P3
[[0.0, 0.0, 0.0, 0.0, 0.0, 0.0, 0.0, 0.0, 0.0, 0.0, 0.0, 0.0, 0.0, 0.0, 0.0]]
P2->P3
[[0.0, 0.0, 0.0, 0.0, 0.0, 0.0, 0.0, 0.0, 0.0, 0.0, 0.0, 0.0, 0.0, 0.0, 0.0]]
==============================
B6_Energy_1
R->P2
[[5.750152156295185e-05, -2.0907035301900432e-05, -9.680087368429515e-06, -5.327847605972633e-06, -2.5621479009279243e-06, -1.0376908549235479e-06, -3.598131287674793e-07, -9.034936798464171e-08, 2.6693634756662277e-08, 1.083723458262725e-08, 3.96934237441108e-08, 8.24851749031925e-09, 1.0045949325668448e-08, 1.8252237664606307e-10, 1.1704269177496384e-08]]
R->P3
[[-6.114178069888033e-07, -3.264790320179504e-07, -1.672573360579191e-07, -6.676874009312847e-08, -4.622729110208657e-09, 1.8619815882838196e-08, 2.240004873560428e-08, 7.0121002239679585e-09, 8.286688610754481e-09, 1.8870473110882623e-08, 8.431291310733594e-10, 1.6225292680380569e-09, 3.362185958153863e-09, 1.037910017435096e-08, -6.006879891962064e-09]]
R->P1
[[-9.797404211536241e-06, 1.7237860768846013e-05, -1.5006534929042744e-05, 1.0671522802352152e-05, -5.894103883539036e-06, 7.747947531521617e-07, 3.925787490792617e-06, -7.3992631406831144e-06, 9.688319692058875e-06, -1.029237703297744e-05, 9.51018429057219e-06, -7.818177244727681e-06, 5.481895239182943e-06, -3.1159417611163305e-06, 1.3172902831430288e-06]]
P1->P2
[[-2.5828927223077583e-06, -3.6597207795493707e-06, -2.3496819838166415e-06, -1.4091999777064018e-06, -8.059885059414211e-07, -4.093907603714859e-07, -2.088436999505786e-07, -9.319176815466587e-08, -3.515207449539945e-08, -1.4649415420122256e-08, -3.194111378383702e-10, -4.515573094063625e-09, 1.0527422186058585e-08, -2.6206867839573e-09, -9.691269875143444e-10]]
P1->P3
[[1.7746313670818315e-09, 1.5252527493579434e-09, 3.4171929160408556e-09, 1.6406199704253554e-09, 2.8643488620291243e-09, 1.6468431698150872e-09, 1.9757017069609302e-09, 1.6873373372334897e-09, 1.145468027592803e-09, 1.7122246496858537e-09, 3.1532173140020285e-10, 1.2752890297937265e-09, -5.342121611887826e-10, 5.998976248399941e-10, -8.838489835068397e-10]]
P2->P3
[[-3.0430112104167234e-06, -4.434720110843241e-06, -2.8724874295660273e-06, -1.7147561845886603e-06, -9.285934237489541e-07, -4.4767402436411725e-07, -1.8641809106863601e-07, -4.77459436180346e-08, -1.1728251723525647e-09, 2.0769096617739858e-08, 1.4255677256233007e-08, 1.009275171966314e-08, 1.7192968864846904e-08, -2.0698201674030744e-10, 4.615840939355526e-09]]
==============================
B5_Frequencies_1
R->P2
[[0.002007467695352052, 0.0013102222988470229, 0.000872212285309301, 0.0005493514082150259, 0.0003342759798065801, 0.00018333222621379192, 9.510632954259591e-05, 4.479662588513099e-05, 1.5807148762164804e-05, 8.316260449437677e-06, -2.695418902203529e-06, 3.425320633711561e-06, -6.764574249219427e-06, 2.249466972227853e-06, -5.367581160881309e-06]]
R->P3
[[-1.5606992627814602, -0.0253602586546202, -0.007824003131348664, 0.0009660416435522006, 0.0040302469987609085, 0.00453533267999022, 0.00376013407893131, 0.00278963779853235, 0.001954885536433928, 0.0012127432793232879, 0.0008522918373628607, 0.00042006446573356434, 0.0003512860064725418, 0.00010461228661658032, 0.00013806561773325104]]
R->P1
[[0.0744508476823003, 0.04432613107032406, 0.02481119888552187, 0.021098244823147174, 0.011050225394313867, 0.007628310210788967, 0.005863109154975912, 0.0011416637198230204, 0.003927398726656826, -0.0011467993257116872, 0.0025635850767607425, -0.001184902740841816, 0.0012672898686268486, -0.0004839182979377929, 0.0003252476767406299]]
P1->P2
[[0.044152282390101695, 0.024837641852341233, 0.017628245998097942, 0.012330948483705174, 0.00818307105394794, 0.005400652581659291, 0.0034191988465969076, 0.0021288760484336464, 0.0013403684831265895, 0.0007546254431159662, 0.0005263098397493409, 0.0002307938693145557, 0.00022299213569017362, 4.679865734194668e-05, 9.517071887099298e-05]]
P1->P3
[[-0.5484029841757194, -0.6059653982652111, -0.21974366881512525, -0.06887138912816251, -0.023637190347642816, -0.006847559975521679, -0.001571264441770688, 0.0008372949801400261, 0.0008166216306460764, 0.0007387170579213853, 0.0015390181048416025, -0.00018347681314087908, 0.0006931321838622224, -4.392584263873588e-05, 0.0001670368874444079]]
P2->P3
[[-1.49525895607486, -0.05493288195309105, -0.02789232711193322, -0.012229694828736227, -0.0040504991520834465, -5.9289937338393766e-05, 0.0013280878784149436, 0.0015865316617399985, 0.0013798512427012292, 0.0009572342232685811, 0.0007325290708248092, 0.00037571829880359453, 0.00032756945134994043, 9.14333459392082e-05, 0.00012943849266079386]]
==============================
B1_NejScale_1
R->P2
[[0.21332346154224188, -0.018269592571022, -0.007615009040246167, -0.007464103580641328, -0.005387745463839876, -0.003230396749102485, -0.001821329675491879, -0.0009657972045916646, -0.00043696187201725027, -0.0002633422242472967, -7.131311459992411e-05, -6.682449236899571e-05, -5.2376173890841315e-06, -2.3991341840771382e-05, 1.4009268290159465e-05]]
R->P3
[[0.03832555741227641, 0.0029449870718654923, 0.002927386345726174, 0.0006422915608606325, -0.00017710610506118415, -0.00034144541278875186, -0.0003223601767245544, -0.00023496532013885733, -0.00013303508284740826, -0.00010200620971059765, -3.48852867722635e-05, -3.464012025902551e-05, -9.775348617368303e-06, -5.374600930788928e-06, 3.207090455694918e-07]]
R->P1
[[0.036559567275734735, 0.005750236601034344, 0.0008046724676330197, 0.0016773874860469887, 0.0008341648150812813, -0.0025842937116747834, 0.003703311088576571, -0.005037346933294487, 0.0053218280319061425, -0.005391886128566951, 0.004661611719681692, -0.0037813408487901677, 0.0025877496379234795, -0.0014717228904700696, 0.0006220689230739725]]
P1->P2
[[-0.0005698144449680014, -0.0011274516533639925, -0.0010146808574764174, -0.0008955926537171516, -0.0007247981720076933, -0.0005749164735979077, -0.0004275044583058383, -0.0003043532111012368, -0.00021731429707565054, -0.00013437867020386205, -0.00010053550181890289, -4.712424525218306e-05, -4.3695765629314655e-05, -9.928817641870587e-06, -1.82431122104375e-05]]
P1->P3
[[-8.761204202622909e-07, -1.972835178351052e-06, -1.6997322512709421e-06, -1.8159968113163846e-06, -1.5402865937406762e-06, -1.5160920847054313e-06, -1.2899441724084237e-06, -1.1285305789412017e-06, -9.94541933411025e-07, -7.319416057125976e-07, -6.924970705380948e-07, -3.8280268754008734e-07, -4.033739786320318e-07, -1.1964575860312556e-07, -1.7241758235200664e-07]]
P2->P3
[[-0.0010747468219763905, -0.0021212146650554085, -0.001907258778571742, -0.0016760017704491128, -0.001350275500483502, -0.0010656469167602842, -0.0007804833198261562, -0.0005516992374381544, -0.00037965306348776954, -0.00023719115189307856, -0.00016805478780418663, -8.477220902836074e-05, -6.921408075036021e-05, -1.798910124770816e-05, -2.5003456876051708e-05]]
==============================
B6_Frequencies_1
R->P2
[[0.5955608519813427, -0.12160434876997, -0.06580781654255387, -0.04722419802304194, -0.02908380038542371, -0.01565201028107305, -0.007847561760284007, -0.0036015156303247716, -0.0013088581523210965, -0.0006156077899822621, 4.8729660954204414e-05, -5.725251031105889e-05, 0.0001413214995849237, -3.1432770969592495e-05, 0.00010188372326258266]]
R->P3
[[-0.007750328482584847, -0.006283385530554475, -0.003944614834488342, -0.0019777325352519034, -0.0007847544202583224, -0.0001790550573950122, 7.970295205277928e-05, 0.00015747279933232917, 0.00014993190648882485, 0.00011951754679047495, 8.024444345478563e-05, 4.8571444426572895e-05, 2.8209874858729647e-05, 2.1402420982698225e-05, 5.422355133650445e-06]]
R->P1
[[-0.027933161112457312, 0.03476324332489153, -0.04173908254526687, 0.03267920361669302, -0.030956775374713273, 0.024715023416607935, -0.019905155558459953, 0.014934495012736483, -0.010440555444579036, 0.006945502645409524, -0.0040776420865220415, 0.002228554779353995, -0.0009724072696669213, 0.00035985207078953653, -6.362413244409046e-05]]
P1->P2
[[-0.03093161940659237, -0.04888656966364554, -0.03525232403974925, -0.02389118015282714, -0.015429574060361283, -0.009422289624204688, -0.005551811402485256, -0.003106533902828085, -0.0016837599177024507, -0.0008702497333761217, -0.0004316272402413512, -0.00020056854719098413, -9.173676103158023e-05, -3.845055727640778e-05, -1.896928965840683e-05]]
P1->P3
[[5.924389715488585e-06, 1.0253299078300611e-05, 1.1232082400066562e-05, 9.341753630100781e-06, 9.444106245337635e-06, 7.655573219722731e-06, 6.897265576687952e-06, 5.646832087554866e-06, 4.214890298076786e-06, 3.6382725202717796e-06, 1.7685737212886806e-06, 1.7703825894135722e-06, -1.0972505555153478e-08, 5.176966060832612e-07, -6.549895454698429e-07]]
P2->P3
[[-0.03970553570827225, -0.06474159726652075, -0.0476476805880322, -0.03263815205577481, -0.020966012652173124, -0.012645952426672527, -0.007201893365704261, -0.0038503591505689395, -0.0019275188395617932, -0.0008930502379705219, -0.0003608723037783654, -0.00013403662796477832, -1.9734692779489992e-05, -7.117608574372534e-06, 1.9210022052421342e-05]]
==============================
B6_SymmetryFactor_1
R->P2
[[0.16557501333053987, -0.04121329611151946, -0.021001779142564164, -0.013831908800628739, -0.007953423439672983, -0.004011385399158978, -0.001876065891433805, -0.000793421480232338, -0.0002384652257085866, -0.00010467038309727885, 4.483354295163852e-05, 1.2829871947994337e-06, 4.0618588316550204e-05, -5.115022056124653e-06, 2.757036015012971e-05]]
R->P3
[[-0.00200629880886287, -0.001504948224570469, -0.0009096298593003161, -0.0004470141910259656, -0.00015111365074895036, -2.3032523432311274e-05, 3.465921429984645e-05, 4.625829357136424e-05, 3.838393740689808e-05, 3.764522511710458e-05, 1.4208030188068437e-05, 1.4956600443867023e-05, 4.254748185496443e-06, 6.925127746783971e-06, -1.5904919288043552e-06]]
R->P1
[[0.024343612825640234, -0.05338540084239239, 0.04991666130412208, -0.04911381655552025, 0.04553111581741322, -0.04212705281942857, 0.03777028977600817, -0.03276580609350287, 0.027578317399276155, -0.02203810920439675, 0.01661744968077388, -0.01167473881847654, 0.007321989531789486, -0.0038091597645918663, 0.0015100978401640477]]
P1->P2
[[-0.0081180909182501, -0.012519386490083727, -0.008778585064736047, -0.005818405217691987, -0.0036555188644385303, -0.002182509940803687, -0.0012406839461749598, -0.0006780143697320565, -0.00034732816881186655, -0.00018055723437935135, -7.681852794536545e-05, -4.123488450488e-05, -9.331064595114115e-06, -8.82560920911286e-06, 2.505894520643344e-06]]
P1->P3
[[2.913009781269203e-06, 1.2625055771252304e-06, 5.47143052178527e-06, 1.4642787136782833e-06, 4.243464420824635e-06, 1.591964887329168e-06, 2.4297036990151515e-06, 1.863796335711731e-06, 7.146604246804139e-07, 2.058182206460817e-06, -9.180235643821991e-07, 1.475414564143126e-06, -2.2191591787159307e-06, 6.711385366355304e-07, -2.2741054820827955e-06]]
P2->P3
[[-0.01021260626556098, -0.016212198147097037, -0.011636559747336064, -0.007743597530110393, -0.004849262148265053, -0.0028192372123423287, -0.0015532810137904075, -0.0007900900089703897, -0.00036607174149205947, -0.00016067717173596724, -4.199195323805203e-05, -2.5068958553326734e-05, 1.8502635853331227e-05, -3.838101060075518e-06, 1.1319556864378117e-05]]
==============================
W3_Energy_1
R->P2
[[0.0, 0.0, 0.0, 0.0, 0.0, 0.0, 0.0, 0.0, 0.0, 0.0, 0.0, 0.0, 0.0, 0.0, 0.0]]
R->P3
[[0.0, 0.0, 0.0, 0.0, 0.0, 0.0, 0.0, 0.0, 0.0, 0.0, 0.0, 0.0, 0.0, 0.0, 0.0]]
R->P1
[[-9.128906913708884e-06, 1.7324073630203014e-05, -1.4473116062621213e-05, 1.0218103297319077e-05, -5.244748122089223e-06, 1.6149497788192025e-07, 4.335811499155597e-06, -7.567846601813251e-06, 9.50018085425311e-06, -9.857045441412784e-06, 8.918501742947122e-06, -7.194449331848431e-06, 4.981600648594996e-06, -2.787789771340283e-06, 1.1729792864612275e-06]]
P1->P2
[[0.0, 0.0, 0.0, 0.0, 0.0, 0.0, 0.0, 0.0, 0.0, 0.0, 0.0, 0.0, 0.0, 0.0, 0.0]]
P1->P3
[[0.0, 0.0, 0.0, 0.0, 0.0, 0.0, 0.0, 0.0, 0.0, 0.0, 0.0, 0.0, 0.0, 0.0, 0.0]]
P2->P3
[[0.0, 0.0, 0.0, 0.0, 0.0, 0.0, 0.0, 0.0, 0.0, 0.0, 0.0, 0.0, 0.0, 0.0, 0.0]]
==============================
W1_SymmetryFactor_1
R->P2
[[0.0, 0.0, 0.0, 0.0, 0.0, 0.0, 0.0, 0.0, 0.0, 0.0, 0.0, 0.0, 0.0, 0.0, 0.0]]
R->P3
[[0.0, 0.0, 0.0, 0.0, 0.0, 0.0, 0.0, 0.0, 0.0, 0.0, 0.0, 0.0, 0.0, 0.0, 0.0]]
R->P1
[[-0.0005291804480828574, 0.0009136194761621288, -0.000433658798862057, -0.000287166348513728, 0.001127545935613494, -0.0019991257190895865, 0.002766331288641728, -0.0032643474010655886, 0.003506225555596679, -0.0033864385255456425, 0.0029620230774498775, -0.002358147586559619, 0.001630234278218095, -0.0009167387016214971, 0.0003901566983264991]]
P1->P2
[[4.747005140480149e-06, -9.367884673092684e-06, 9.017742362096275e-06, -8.454025698785189e-06, 7.702197192781577e-06, -6.814874675822421e-06, 5.838910384919509e-06, -4.8114640855600265e-06, 3.8142365489828994e-06, -2.870984183363606e-06, 2.0316859436472605e-06, -1.3385545198278746e-06, 7.881943520616659e-07, -3.8724634479508204e-07, 1.4414326773554661e-07]]
P1->P3
[[0.0, 0.0, 0.0, 0.0, 0.0, 0.0, 0.0, 0.0, 0.0, 0.0, 0.0, 0.0, 0.0, 0.0, 0.0]]
P2->P3
[[0.0, 0.0, 0.0, 0.0, 0.0, 0.0, 0.0, 0.0, 0.0, 0.0, 0.0, 0.0, 0.0, 0.0, 0.0]]
==============================
W3_Frequencies_1
R->P2
[[0.0, 0.0, 0.0, 0.0, 0.0, 0.0, 0.0, 0.0, 0.0, 0.0, 0.0, 0.0, 0.0, 0.0, 0.0]]
R->P3
[[0.0, 0.0, 0.0, 0.0, 0.0, 0.0, 0.0, 0.0, 0.0, 0.0, 0.0, 0.0, 0.0, 0.0, 0.0]]
R->P1
[[-0.0035996435321556546, 0.006890176682652956, -0.0058941103998669895, 0.004371786459949963, -0.0025354585780284905, 0.0005541807713261047, 0.0013191741816663506, -0.002778492216151085, 0.0037976539679148466, -0.004167844017624843, 0.003948638528491128, -0.003325435925391105, 0.0023907099658535026, -0.0013826567068023511, 0.000602848861373224]]
P1->P2
[[0.0, 0.0, 0.0, 0.0, 0.0, 0.0, 0.0, 0.0, 0.0, 0.0, 0.0, 0.0, 0.0, 0.0, 0.0]]
P1->P3
[[0.0, 0.0, 0.0, 0.0, 0.0, 0.0, 0.0, 0.0, 0.0, 0.0, 0.0, 0.0, 0.0, 0.0, 0.0]]
P2->P3
[[0.0, 0.0, 0.0, 0.0, 0.0, 0.0, 0.0, 0.0, 0.0, 0.0, 0.0, 0.0, 0.0, 0.0, 0.0]]
==============================
B5_SymmetryFactor_1
R->P2
[[0.0005487458428576048, 0.0003171170003071812, 0.00021140019663997515, 0.00012731798864831843, 7.583311097815884e-05, 4.2084940722858314e-05, 2.0672446770498883e-05, 1.0776886201818568e-05, 2.4880090662412864e-06, 2.0001388222017236e-06, -5.6453319707969976e-06, 2.9969261269078844e-06, -7.228439010492104e-06, 1.9706079596191464e-06, -2.114598912817241e-06]]
R->P3
[[-0.4116434454334192, 0.012602109301414989, 0.008944977259842092, 0.006085319930947659, 0.0039475331467762895, 0.00252279620321173, 0.0015544952676761674, 0.0009433791746288283, 0.0005727368543310549, 0.0003188098944091792, 0.00020837516923591308, 9.542942892454085e-05, 7.944635052274437e-05, 2.225552834571947e-05, 2.981451003423802e-05]]
R->P1
[[0.01788117307261138, 0.01629524524906698, 0.0015272895763064373, 0.00842262325515165, 0.0007866121454920132, 0.0021070870757095668, 0.0025114365515354043, -0.001970139951013799, 0.0038678002933435155, -0.003456452074707188, 0.0035582108656292437, -0.0027480354569060965, 0.002038597447703807, -0.0011186612633105526, 0.000501923895169509]]
P1->P2
[[0.012887191318604423, 0.0063560646019819485, 0.004442260663717169, 0.0030809797863022795, 0.0020164005911107274, 0.0013193100783587444, 0.0008307203946621455, 0.0005053691753595234, 0.0003244023816260525, 0.00017025258804804875, 0.00012438012615771616, 4.706311821649821e-05, 5.3895956003763076e-05, 7.101479102780197e-06, 2.266266962426553e-05]]
P1->P3
[[-0.4320434858697533, 0.004073444566988016, 0.0032634183034842704, 0.002561874721979538, 0.0018243987510368391, 0.0013330249456610529, 0.0008980694566650239, 0.0006084814174496878, 0.0004160755646120541, 0.00023959194350496403, 0.00019998235786743805, 7.73570222269258e-05, 9.828608669848391e-05, 1.556403639250838e-05, 4.099711250902082e-05]]
P2->P3
[[-0.42012774053361995, 0.008661844158977031, 0.00633428661736486, 0.004489397568674865, 0.0030170210561071254, 0.0019927275277108036, 0.0012550641885836823, 0.0007831770154575817, 0.0004788147805614047, 0.0002729014940377763, 0.0001804296305379809, 7.998458403951549e-05, 7.439299961659827e-05, 1.874767257241063e-05, 3.0279825268411435e-05]]
==============================
W2_SymmetryFactor_1
R->P2
[[0.0, 0.0, 0.0, 0.0, 0.0, 0.0, 0.0, 0.0, 0.0, 0.0, 0.0, 0.0, 0.0, 0.0, 0.0]]
R->P3
[[0.0, 0.0, 0.0, 0.0, 0.0, 0.0, 0.0, 0.0, 0.0, 0.0, 0.0, 0.0, 0.0, 0.0, 0.0]]
R->P1
[[1.0537384598555901, -1.7957679473208163, 1.0937056594040442, -0.4183925986633733, 0.1206269123376253, -0.27613774131718577, 0.5934402209888047, -0.6067243954817428, 0.14945493019215136, 0.6761237482633169, -1.4579965866958033, 1.7254196337220618, -1.38961059348229, 0.736351261683024, -0.1414934788581322]]
P1->P2
[[0.003303838006763843, -0.0056323954010421996, 0.00343492821204859, -0.001319518058826003, 0.0003833455415696256, -0.0008637330464621988, 0.001850370981945417, -0.0018881076779900582, 0.00045646733885771235, 0.002124578635848705, -0.004567497361106089, 0.005401479129347906, -0.004349336470637393, 0.0023049168533163735, -0.00044368679500230264]]
P1->P3
[[0.0, 0.0, 0.0, 0.0, 0.0, 0.0, 0.0, 0.0, 0.0, 0.0, 0.0, 0.0, 0.0, 0.0, 0.0]]
P2->P3
[[0.0, 0.0, 0.0, 0.0, 0.0, 0.0, 0.0, 0.0, 0.0, 0.0, 0.0, 0.0, 0.0, 0.0, 0.0]]
==============================
B2_Energy_1
R->P2
[[-0.0007299515993963723, 0.0006453306357689925, 1.069219135785282e-05, -2.6834683794496605e-05, 1.7966578808037426e-05, -4.698098793887162e-06, 1.3843020785220261e-07, -2.841639519801653e-06, -5.757052360388926e-06, 1.4419714334523714e-05, -2.1635263287439477e-05, 1.167195120596598e-05, -1.691212678164855e-05, 2.356655465746149e-05, -1.2939748868512346e-05]]
R->P3
[[-0.0014591786633388892, 0.0013132249951652852, 1.2126980678539567e-05, -2.5882199118920646e-05, 2.354606171872664e-05, -7.271973564426659e-06, -4.395315252869736e-06, -2.1655191333180834e-06, -5.612440567848154e-08, 1.9379809638730983e-05, -2.2945855917347324e-05, 1.384455675004781e-05, -2.1193594825705264e-05, 3.244736639408663e-05, -1.9056938410574875e-05]]
R->P1
[[-0.052335272491852436, 0.10114044133358868, -0.09461778067754278, 0.08651288751146714, -0.07620259424161274, 0.06464530591244647, -0.052708769073505475, 0.04110406318415617, -0.03066528122285042, 0.02168232548288688, -0.014400192070346159, 0.008875441943736462, -0.004925539484777509, 0.002304144885570715, -0.0008208564060467952]]
P1->P2
[[-2.9927009848051966e-06, 8.419861714514809e-06, -3.7897882165793817e-06, 5.835735432668798e-06, -5.8709938777212756e-06, 4.1304054398949575e-06, -5.195856189743608e-07, 1.1464247151593554e-06, -2.663310052497536e-06, -1.662936570667739e-06, 2.179112241762482e-06, -3.121724820864813e-06, -9.784300347703834e-07, -1.837883654154382e-06, 5.371385043417831e-06]]
P1->P3
[[1.8565330535125213e-05, -2.4756410308413024e-05, 1.3073956024456379e-05, -2.3361459999815537e-05, 2.5418793712095322e-05, -4.908661268565595e-06, -4.336738294585807e-06, -4.921463029328166e-06, -6.777950134484456e-07, 1.9965962380075197e-05, -2.191474495094603e-05, 9.382614033492942e-06, -1.3893601122916266e-05, 2.77091447825617e-05, -1.7377668655171874e-05]]
P2->P3
[[-2.1592246213231192e-07, 3.4220565686693405e-06, 6.638566196759399e-07, 1.8091072825909826e-06, -1.1878163921896778e-06, 1.8714859450347232e-06, 1.931510805082415e-06, 3.17760270457379e-07, -6.593925479941865e-07, -4.420486742276464e-07, 2.0622056018555768e-06, -1.8707166477699433e-06, -1.4951416175794374e-06, -3.691148288756385e-07, 3.608577788111189e-06]]
==============================
B2_NejScale_1
R->P2
[[0.22000950988745038, 0.006419062463780668, -0.002442030430762665, -0.0005413264110213468, -0.0005117794140739865, -0.0009476807464081936, -0.0009728372278359383, -0.0008435499613464832, -0.0007071866435683795, -0.0004058118930631542, -0.0003666610578752203, -0.0001385125187150517, -0.00015866421591281086, -1.920065871980036e-05, -6.527929915240376e-05]]
R->P3
[[0.392478535613502, -0.012697511525772056, -0.011344848160175567, -0.0076174648249816585, -0.005153281126184253, -0.0035756161758282567, -0.0024094861097369883, -0.0015881259375303458, -0.0010542048243890167, -0.0006138831287235214, -0.00042694077244476955, -0.00020075803918512776, -0.00016080890336846564, -4.06830041347505e-05, -5.815230377612766e-05]]
R->P1
[[0.3960812515262232, -0.012698398559604694, -0.00482066957309891, -0.009170162526101235, 0.0003808993515321339, -0.006464982870559899, 0.002646928548705596, -0.0053117468878488925, 0.0034906446301581403, -0.004285645607330023, 0.0030378465753169285, -0.0027877432216527128, 0.001726346266737458, -0.001076120784465471, 0.0004011107111329689]]
P1->P2
[[-0.0008285312085911368, -0.0016724061508424574, -0.0014910464226458881, -0.0013559919371441819, -0.0010974652376840174, -0.0009030821649150901, -0.000678295383327687, -0.0005017537832038553, -0.0003679816133687285, -0.0002353780172499579, -0.00018683022410440054, -9.064471467392304e-05, -9.128483780285998e-05, -2.2254423755818596e-05, -4.035707981892488e-05]]
P1->P3
[[-7.3793562185573776e-06, -1.9331723473612827e-05, -1.4099965603743157e-05, -1.7070320844046353e-05, -1.2422084537082223e-05, -1.3208111915281848e-05, -1.0144278749745508e-05, -8.569762466633515e-06, -7.718205929163995e-06, -4.407561107575041e-06, -5.832530036129078e-06, -1.8028887099866773e-06, -4.417419289397634e-06, -4.0943795417759013e-07, -2.8111567356996735e-06]]
P2->P3
[[-0.0016559171522274863, -0.0033195346862190615, -0.002973450078312394, -0.002682128871115951, -0.00217793033086858, -0.0017775215257023254, -0.0013319697877571595, -0.0009752548430702881, -0.0007022763826443689, -0.00044632017475154906, -0.0003416498947010845, -0.00016811436297263586, -0.00015913955700494633, -3.971441383065292e-05, -6.671823574981062e-05]]
==============================
B3_Energy_1
R->P2
[[-0.00025548384442686256, 8.447169236647234e-05, 5.168730130011845e-05, 1.2191922844073666e-05, 7.439513960427746e-06, -1.8758878589375527e-06, -5.782422815570065e-07, -1.1279395811802928e-06, -4.374088918013275e-06, 5.659589857875957e-06, -7.64835023106536e-06, 7.837601753157841e-06, -8.30759146613902e-06, 4.058868693507245e-06, -3.19646550894781e-06]]
R->P3
[[3.492001532379163e-06, 3.605819113294828e-06, 1.399127340651063e-06, 2.873520517920891e-06, 1.626132364596078e-06, 1.727442184157324e-06, 2.8637593336294787e-06, 6.229680664382453e-07, 1.5102908249020608e-06, 3.5745370428885703e-06, 6.460706519773041e-07, 9.381022840482256e-08, 2.0924174239794757e-06, -2.226296105800607e-07, -1.3705643028827375e-06]]
R->P1
[[-0.003243104789589779, 0.00618555846219504, -0.005230366962696437, 0.0037910834248356534, -0.002082309153464742, 0.00028847662365945326, 0.0013479207571833948, -0.002577049252395769, 0.0033696155603613054, -0.003596640274116346, 0.0033297304910099787, -0.0027455732468363928, 0.0019410041562279226, -0.0011022241020477302, 0.0004756940712528565]]
P1->P2
[[-0.001664375512646643, 0.0014542788478522084, 2.0844192150093477e-07, 1.5218947879702682e-06, -2.5959080307558224e-06, 3.127249534884413e-06, -2.8534846174821382e-06, 1.6479522901846622e-06, -3.739322291806957e-06, 1.8291286707494692e-06, -9.617716067999993e-06, 7.2606412615527915e-06, -2.4164299583517845e-06, -3.6875551545634266e-06, 4.050069093430864e-06]]
P1->P3
[[0.0, 0.0, 0.0, 0.0, 0.0, 0.0, 0.0, 0.0, 0.0, 0.0, 0.0, 0.0, 0.0, 0.0, 0.0]]
P2->P3
[[-0.0015773939164276385, 0.0014290808003311617, 9.06994201521627e-06, -1.3903289689809473e-05, 4.971613527804397e-07, 6.189300365277983e-07, -8.063806780922445e-06, 8.38316520312965e-06, -7.402856512517264e-06, 1.2558013964478199e-05, -1.7664343149956935e-05, 1.4109729350210432e-05, -1.0685652440545895e-05, 4.8643499718850625e-06, -2.703439117117401e-06]]
==============================
B3_NejScale_1
R->P2
[[0.40523738141259524, -0.022288312287745495, -0.013204367351168969, -0.006884896836983961, -0.003214406483253237, -0.0012919620439704278, -0.0004170463588773653, -5.7660262897203295e-05, 6.90883978284077e-05, 7.499402810155741e-05, 7.99852834037847e-05, 3.900591511186192e-05, 4.2749001966505755e-05, 8.527126244421304e-06, 1.9851149645163225e-05]]
R->P3
[[-0.005668246124136761, -0.0055031195098492825, -0.003737473337455335, -0.0022752598279381906, -0.0012750042398987618, -0.000669525265115742, -0.00031766145201173604, -0.00013554931521674043, -4.329987211124959e-05, -2.632179518164877e-06, 1.14460732707083e-05, 1.164144203026723e-05, 8.408086309305282e-06, 1.0133617444072747e-05, 2.02716310127861e-06]]
R->P1
[[-0.008550811567872543, 0.0018388545051055722, -0.00862976600702123, 0.002138857933416007, -0.003382885707338851, -0.00016591546980695559, 0.0010093049621189526, -0.002792866201467203, 0.0034898969427832396, -0.003878973394922284, 0.0036156651307298255, -0.0030292376760247147, 0.0021660075739802537, -0.0012451540860687813, 0.0005424902024947109]]
P1->P2
[[0.4255651285685435, -0.013421804102553675, -0.009386081066023915, -0.006127728568760002, -0.0037993259861716982, -0.002197173236148283, -0.0012105064768874717, -0.0006267795495817942, -0.00029280497398905, -0.00014146637648910379, -3.824297791255988e-05, -2.088589972301372e-05, 1.3820916625224408e-05, 1.7259254713215883e-07, 1.0333086226513215e-05]]
P1->P3
[[-7.4832262508672905e-06, -2.0793769193609874e-05, -1.334554047709073e-05, -1.6532951322826006e-05, -9.691861420536167e-06, -1.0218464313159182e-05, -5.98749528982976e-06, -4.0947477948468105e-06, -3.5426487663144134e-06, -7.515883422929899e-08, -3.1237616530540167e-06, 9.364100231579994e-07, -3.7437435819783077e-06, 5.77237765533626e-07, -3.318627902423228e-06]]
P2->P3
[[0.42345965259939283, -0.01713465499377053, -0.01216721833578361, -0.007957307511655966, -0.004839755897182846, -0.0026963008345842233, -0.0013823652713042774, -0.0006258420262009269, -0.00022946117658973253, -5.6797317477679574e-05, 3.2182009384884564e-05, 3.0649980742290186e-05, 4.727677280337916e-05, 1.5960878316190343e-05, 2.26410112797783e-05]]
==============================
B4_Energy_1
R->P2
[[1.125275090885225e-06, 3.7722011292373736e-07, -9.629930985965984e-07, 1.412810186063318e-06, -6.148629194679955e-07, -1.5723606056061712e-07, 9.783601041812862e-07, -9.516826188216143e-07, -1.1527904572594672e-06, -5.467130440028889e-07, -6.1930961574308e-07, 1.4156670391507475e-07, -1.2180784395021682e-07, -1.1253206977368535e-06, 4.910703166327579e-07]]
R->P3
[[9.600175786772525e-05, -1.7989862344247598e-05, -9.090195585148564e-07, -7.644441585852313e-06, -1.2458652962066274e-06, 2.9557439684690934e-06, -2.6548420158090114e-06, 4.856481537751645e-07, 7.369831286907491e-07, 4.6950253837496625e-07, 2.7236929385499042e-06, -2.507134866103211e-06, 2.143821335731655e-08, 5.156062091865588e-07, -1.4759785071233322e-06]]
R->P1
[[-0.0032482563313251944, 0.006177782619994632, -0.005222373110838202, 0.003772425054486203, -0.00206248632586354, 0.0002697336050700577, 0.0013628145315898628, -0.0025847507274525533, 0.003376885175464181, -0.0036059135185879596, 0.0033398166850914096, -0.002768778293711742, 0.0019580724156606152, -0.001123312271748278, 0.00048346821915779686]]
P1->P2
[[-4.784533729207396e-06, -1.0342275658103972e-06, 5.886149168077282e-07, 7.200311902266776e-07, 1.920803960331341e-07, 2.6829142463213884e-06, -1.4948772042444602e-06, -1.2612142441525975e-06, 9.533522771221214e-07, -1.091646710804639e-06, 1.615850973024635e-06, 1.891772165585337e-06, 4.28855619905022e-06, -1.5787970664149498e-06, -9.716907412027354e-07]]
P1->P3
[[-2.859595831239403e-06, 1.5787651630461141e-06, -2.777130148068352e-06, 2.215996123267061e-06, -3.02442904331901e-06, 5.728922525261027e-07, 3.9433492582396923e-07, 7.833780402144441e-07, 4.980033940782391e-07, -2.4599778680745032e-06, 2.0799114924807682e-06, -1.2111452074581308e-06, 2.463938233998597e-06, -2.700277264566786e-06, 2.0439056208632067e-06]]
P2->P3
[[0.00011502327488699393, -1.8694762287385647e-05, -1.0318417230092969e-05, -8.393100616732596e-06, -4.842848044528392e-06, -2.055817218543643e-07, -2.123195430997482e-06, 2.52358705321587e-06, 4.92386778641607e-07, -2.8460833164170585e-06, 1.2886369154044286e-06, -3.9395063217498305e-06, 2.655736020922006e-06, 7.881586147270858e-07, 5.50621271459828e-07]]
==============================
B4_NejScale_1
R->P2
[[-0.009441933709374802, 2.354479265138808e-05, 0.0003339590717046337, 0.00021755081007680596, 0.00016404886604958486, 0.0001367144852215377, 0.00010180695292821673, 7.259967919357944e-05, 4.678670253864432e-05, 2.704141069972991e-05, 1.285940782394289e-05, 6.320166688545481e-06, 2.7657989263256583e-06, -1.0769663941474662e-06, 5.12230191293409e-06]]
R->P3
[[-0.41128596810365237, 0.013155197470093942, 0.009400312768188012, 0.006430519933464252, 0.004202658399165904, 0.0026956959914707845, 0.0016694538425912299, 0.0010180838501313895, 0.0006161007719362258, 0.00034758341904756184, 0.0002215850705722071, 0.0001009679076494424, 8.424805391505318e-05, 2.35296361383693e-05, 2.9642321650645194e-05]]
R->P1
[[0.020702467950129123, 0.011789967847176196, 0.006166022467839943, 0.005216498361056826, 0.0033665645572730682, 0.0008907424026038234, 0.002942504290893369, -0.0015158552212444516, 0.0029807619015869997, -0.002288741161672105, 0.0024418426693637437, -0.0017785560192379076, 0.0013645148101860119, -0.0007268744903341528, 0.0003410484713505517]]
P1->P2
[[0.012969425947756205, 0.006505887447446503, 0.004570511214446868, 0.0031886905186111953, 0.00210138898449423, 0.0013771431414811007, 0.000872444362620885, 0.0005357975675225722, 0.00034319907647547437, 0.0001843271210741733, 0.00013611786596091506, 5.495826238326622e-05, 5.592730240098308e-05, 8.317403510248784e-06, 2.1888806953971388e-05]]
P1->P3
[[0.0022687671430792694, 0.004118813595147288, 0.0032969099486789043, 0.0025974927218215048, 0.0018514276635640944, 0.001360420239488432, 0.0009192213074885054, 0.0006297844338263842, 0.000435666119534037, 0.0002469922217434451, 0.00021228068206178942, 7.897592939441303e-05, 0.00010579680372824046, 1.6146484929836464e-05, 4.4623475105791504e-05]]
P2->P3
[[-0.4199904716826287, 0.008918295470568053, 0.006556649085041361, 0.004672386526854002, 0.003159179643718173, 0.0021019502567641785, 0.0013335647067868163, 0.0008345076429310512, 0.0005158072259928619, 0.0002967020459886483, 0.00019329290430204621, 9.015913523677217e-05, 7.675284158540713e-05, 2.0064661716776977e-05, 3.3039419402678324e-05]]
==============================
B7_NejScale_1
R->P2
[[-0.22360948748654244, -0.007446022506100033, 0.0015828126140980865, 0.0005585767261775679, 0.00077829535178904, 0.0011746306752313759, 0.001136621990990276, 0.000940705438842375, 0.000746039444255704, 0.00044258407493917264, 0.0003585364450606316, 0.00015610439293407312, 0.00014494531996426532, 2.764990765885134e-05, 5.9207163710391466e-05]]
R->P3
[[0.00813933303801907, 0.01283159046873421, 0.010524506555277716, 0.008193995665205588, 0.005991488105176542, 0.004251537947012561, 0.0028600853791681206, 0.0018669113914426482, 0.001196639627796065, 0.0007046655611301061, 0.00045112821439967425, 0.00022012824565973183, 0.00016125213911077037, 4.982659746033521e-05, 5.210283941582671e-05]]
R->P1
[[-0.002921397626848511, 0.026729620297876046, -0.008992160706839988, 0.019694436101702947, -0.007410616207448709, 0.011378333158890908, -0.00377063517644813, 0.0044453025685856126, -0.0003730359600405941, 0.0003009572941264171, 0.0012392727975960253, -0.0010017021857204411, 0.0011331288165855804, -0.0006086370035516494, 0.00035336713079603426]]
P1->P2
[[0.0018331171334562922, 0.0034127232264100447, 0.0028361221723713385, 0.002366071555834298, 0.001790724279733864, 0.001382505428831718, 0.000980101035678903, 0.0006968689779066425, 0.00048425722811270297, 0.0003002676204287627, 0.00022491067478753226, 0.00010942868593243745, 0.00011295325532375286, 2.2596788392477725e-05, 5.136416029693484e-05]]
P1->P3
[[-1.1388728222900875e-06, -3.388105932962902e-06, -2.2607783581981507e-06, -3.10944688739675e-06, -2.198421756926299e-06, -2.5772368571717324e-06, -2.052755622850133e-06, -1.8680433147411752e-06, -1.8276657098279085e-06, -1.1705713146492575e-06, -1.5689598983917681e-06, -6.335319915093868e-07, -1.2078923332874067e-06, -2.1157365819595294e-07, -7.087018147251608e-07]]
P2->P3
[[0.003088969394288465, 0.005823317464767643, 0.004999908543350847, 0.0041916101951313565, 0.0032537373685909876, 0.0024968986837237295, 0.001794275637561589, 0.0012664285374501749, 0.0008710254437973886, 0.0005507396431035786, 0.0003871709154197439, 0.00019896498227578031, 0.0001722624354410321, 5.1171915177225406e-05, 6.702598968263534e-05]]
==============================
B7_Energy_1
R->P2
[[5.161006107812227e-05, -9.182249087746897e-06, -5.048577278454758e-06, -2.0365927133614292e-06, 7.959305256544091e-08, 7.236732740834029e-07, 1.9952099432340997e-06, -1.7904401680701731e-06, -2.9445206067846286e-06, -1.733293267247582e-07, -1.7169934576899415e-06, -5.456712419416032e-07, -8.955336347482579e-07, 5.093978731884885e-07, -3.2469411673230475e-07]]
R->P3
[[-3.936252568337295e-07, -4.640111272991021e-07, 1.0669716554723152e-07, 4.947339601879541e-07, 3.3187768797016126e-07, -4.691696822711755e-08, -2.409526782959359e-07, -3.9569768434111197e-08, 2.9445009597228733e-07, 3.5133478570870125e-07, 9.024218369096948e-08, -3.105519840590487e-07, -4.4319081245192127e-07, -3.562783685434612e-07, -1.1602250403475178e-07]]
R->P1
[[-0.004188492441308256, 0.008046639163243607, -0.00702314484160263, 0.005471997623367683, -0.0036151423363306283, 0.0016482311464667554, 0.00018183361272107457, -0.0016112084393343773, 0.002605782420777719, -0.0030204231124777645, 0.0029225513071033833, -0.0024778316707610784, 0.0017812035402588536, -0.001026460696741012, 0.0004444973804934929]]
P1->P2
[[3.3000154786577696e-06, -6.80628787108617e-06, 6.640128944468415e-06, -5.82594497089417e-06, 5.313742974522029e-06, -4.9028969151265755e-06, 3.867240185861931e-06, -2.8911009497534224e-06, 2.426317831094593e-06, -1.6972881500265657e-06, 7.004132873689173e-07, -4.1270440398477604e-07, 3.0500391101639934e-07, 3.3125131970734856e-07, -4.4330063619923976e-07]]
P1->P3
[[0.0, 0.0, 0.0, 0.0, 0.0, 0.0, 0.0, 0.0, 0.0, 0.0, 0.0, 0.0, 0.0, 0.0, 0.0]]
P2->P3
[[7.648807809346181e-08, -9.724629815299757e-07, 1.03089954628377e-07, -8.400358950111375e-07, -7.110405569887845e-08, -6.312023190235827e-07, -3.1158133732833715e-07, -3.3758652748239193e-07, -5.084618628914406e-07, -6.121983801843367e-08, -6.82443698427071e-07, 2.9543659220421237e-08, -7.717685018664155e-07, 4.0521444741314916e-08, -6.128688125744963e-07]]
