==============================
B1_Frequencies_1
P1->P2
[[-0.5532553455072823, -0.627622647705682, -0.2579535511925824, -0.08834859416582849, -0.02363148454640265, -0.003938041073969497, 0.00015134744103912856, 0.0003727213089803722, 0.0001364970762801131, 2.112529448788324e-05, -5.796864342589665e-06, -5.655495169454908e-06, -3.823931778420557e-07, -1.561642471843512e-06, 4.010849572332003e-06]]
==============================
B1_Energy_1
P1->P2
[[-0.0016923243246832226, 0.00143198521352678, -2.2287563919982446e-08, 8.167838555726265e-09, -9.44759548613402e-09, 1.052123515567738e-08, 5.110455047630614e-09, -9.051174451636183e-09, 2.0421343708419918e-08, -1.533629835425337e-08, 1.6020028027730048e-08, -1.804840533272614e-08, 2.189406155298396e-08, -2.4685408675262077e-08, 1.710969016581457e-08]]
==============================
B1_SymmetryFactor_1
P1->P2
[[-0.43429814325259164, 3.139527802312115e-07, -1.8491206395612792e-06, 4.410841146814925e-06, -3.285457897623193e-07, 7.048377650965049e-06, -4.024009797393527e-07, -2.657145166113844e-06, 1.1949299763987572e-06, -4.213333242830117e-06, 7.863266586625475e-07, -2.6163097210389286e-06, 6.520464464919549e-06, -2.3649133636319703e-06, 3.475312017753896e-06]]
==============================
B1_ImaginaryFrequency_1
P1->P2
[[0.2011729354912869, -0.17186001148917987, -0.009741193192510211, 0.004034367092818603, 0.005190221095231761, -0.0075856483999027806, 0.0043777638519643045, 0.0031465113959637005, -0.003796270214618684, -0.0011116746851511875, 0.0019731468410821734, 0.00145049020545815, -0.0019605862445261817, 0.0004513558771256168, -0.0018842243538583214]]