==============================
W2_Frequencies_1
R->P2
[[0.0, 0.0, 0.0, 0.0, 0.0, 0.0, 0.0, 0.0, 0.0, 0.0, 0.0, 0.0, 0.0, 0.0, 0.0]]
R->P3
[[0.0, 0.0, 0.0, 0.0, 0.0, 0.0, 0.0, 0.0, 0.0, 0.0, 0.0, 0.0, 0.0, 0.0, 0.0]]
R->P1
[[0.0, 0.0, 0.0, 0.0, 0.0, 0.0, 0.0, 0.0, 0.0, 0.0, 0.0, 0.0, 0.0, 0.0, 0.0]]
P1->P2
[[0.0, 0.0, 0.0, 0.0, 0.0, 0.0, 0.0, 0.0, 0.0, 0.0, 0.0, 0.0, 0.0, 0.0, 0.0]]
P1->P3
[[0.0, 0.0, 0.0, 0.0, 0.0, 0.0, 0.0, 0.0, 0.0, 0.0, 0.0, 0.0, 0.0, 0.0, 0.0]]
P2->P3
[[4.51237379461519e-07, -6.152451311153194e-07, 3.5278083603706206e-07, -5.83319758237352e-07, 6.04216193111583e-07, -1.0519080757424006e-07, -8.091408595478827e-08, -1.2127918600397838e-07, -6.43464906229432e-08, 5.185333667597194e-07, -5.049400416449042e-07, 2.2962986185289457e-07, -3.997900392864651e-07, 6.956628335818094e-07, -3.456438582483365e-07]]
==============================
W2_Energy_1
R->P2
[[0.0, 0.0, 0.0, 0.0, 0.0, 0.0, 0.0, 0.0, 0.0, 0.0, 0.0, 0.0, 0.0, 0.0, 0.0]]
R->P3
[[0.0, 0.0, 0.0, 0.0, 0.0, 0.0, 0.0, 0.0, 0.0, 0.0, 0.0, 0.0, 0.0, 0.0, 0.0]]
R->P1
[[0.0, 0.0, 0.0, 0.0, 0.0, 0.0, 0.0, 0.0, 0.0, 0.0, 0.0, 0.0, 0.0, 0.0, 0.0]]
P1->P2
[[0.0, 0.0, 0.0, 0.0, 0.0, 0.0, 0.0, 0.0, 0.0, 0.0, 0.0, 0.0, 0.0, 0.0, 0.0]]
P1->P3
[[0.0, 0.0, 0.0, 0.0, 0.0, 0.0, 0.0, 0.0, 0.0, 0.0, 0.0, 0.0, 0.0, 0.0, 0.0]]
P2->P3
[[0.0, 0.0, 0.0, 0.0, 0.0, 0.0, 0.0, 0.0, 0.0, 0.0, 0.0, 0.0, 0.0, 0.0, 0.0]]
==============================
W1_Frequencies_1
R->P2
[[0.0, 0.0, 0.0, 0.0, 0.0, 0.0, 0.0, 0.0, 0.0, 0.0, 0.0, 0.0, 0.0, 0.0, 0.0]]
R->P3
[[0.0, 0.0, 0.0, 0.0, 0.0, 0.0, 0.0, 0.0, 0.0, 0.0, 0.0, 0.0, 0.0, 0.0, 0.0]]
R->P1
[[-6.512453702326336e-08, 2.1011358487853505e-07, -2.2450761285240233e-07, 9.511353967680107e-08, -9.636616771256426e-08, 1.3275510239706843e-07, -1.1236371826916667e-08, -6.685837956488781e-08, 1.125264155857684e-08, -6.837130442386247e-08, 1.8525437293112926e-07, -1.1780250518339021e-07, 7.298217854812566e-08, -1.886028773717134e-07, 1.2585726909318004e-07]]
P1->P2
[[5.223988904376375e-07, 2.615205829421953e-06, 9.447609552864905e-07, 2.0735145677941134e-06, 6.982627595194736e-07, 1.1917527782732496e-06, 5.117947767299201e-07, 3.962980052911363e-07, 6.462823483621025e-07, 5.3447146847679256e-08, 1.0367255032259435e-06, 6.828972086577203e-08, 1.2028585986177398e-06, 3.7517687389810076e-08, 8.798659594400351e-07]]
P1->P3
[[0.0, 0.0, 0.0, 0.0, 0.0, 0.0, 0.0, 0.0, 0.0, 0.0, 0.0, 0.0, 0.0, 0.0, 0.0]]
P2->P3
[[0.0, 0.0, 0.0, 0.0, 0.0, 0.0, 0.0, 0.0, 0.0, 0.0, 0.0, 0.0, 0.0, 0.0, 0.0]]
==============================
B5_Energy_1
R->P2
[[1.8789808124188726e-07, 4.586950884494009e-08, 3.5477004045635034e-08, 9.052793530980503e-09, 8.216720250991673e-09, 1.8451442899224915e-09, 2.9567959068620508e-09, 3.793467316811252e-09, 1.9494612575245688e-09, 4.208412201340732e-09, -1.6697422550331764e-09, 8.514396441397222e-10, -8.026071363015797e-09, -1.0178530209588373e-09, -4.193796764903528e-09]]
R->P3
[[-0.00015703262639392939, 2.5590070840748548e-05, 1.4187181638896959e-05, 7.3656098373276495e-06, 3.6545122247710933e-06, 1.7202551848604524e-06, 7.869038914699143e-07, 3.4879341828629057e-07, 1.3872235117687262e-07, 6.292156117927585e-08, 9.738858152577122e-09, 9.892621796225557e-09, -8.184097531992135e-09, 4.837929056374319e-09, -8.752175407796133e-09]]
R->P1
[[7.41834047222572e-06, 1.516496429935077e-06, 9.525898922598809e-07, 5.328651718475659e-07, 3.1914782618856245e-07, 1.649026938044127e-07, 9.575655522166328e-08, 5.4950386940780314e-08, 2.2465683704254846e-08, 2.46824871912593e-08, -8.373630074581038e-09, 9.979727681170398e-09, -1.835850624906438e-08, 2.888856597947867e-09, -1.2680481597093626e-08]]
P1->P2
[[5.501891255536425e-06, 1.1786290994685691e-06, 7.29280378072887e-07, 4.5284988855700585e-07, 2.6441182516146986e-07, 1.5079684898906714e-07, 8.465729242366712e-08, 4.815999403261923e-08, 2.0970745727918725e-08, 5.224413656511196e-09, 8.244574198247901e-09, 2.2214483826412645e-09, 2.349565356179666e-09, -4.672003235407502e-09, 4.236472747135454e-09]]
P1->P3
[[-0.0016813658853332956, 0.0014109279310363305, 2.3304876911907908e-05, -1.913241262288458e-05, 1.4471111799902875e-05, -8.206812978708825e-06, 1.404746067249476e-06, 5.899502823414874e-06, -1.4176692116950633e-05, 2.0023249509912925e-05, -2.1040520371308023e-05, 2.0576584533903052e-05, -1.9997128025612493e-05, 1.6048248776733395e-05, -6.4659460221360365e-06]]
P2->P3
[[-0.00019747443838775394, 3.088567090555462e-05, 1.735208608386658e-05, 9.414018184609722e-06, 4.840400044990608e-06, 2.356410368350921e-06, 1.0662944297649689e-06, 4.648365464313339e-07, 1.8022153252658753e-07, 6.0661432282588e-08, 2.1668750887389763e-08, -8.340899124492602e-09, 3.70446458354551e-09, -3.1484124005537125e-09, 6.530651568286935e-09]]
==============================
B1_Energy_1
R->P2
[[-0.0007845478226187197, 0.0007191902203923517, -3.772198383822367e-05, -8.934140001692903e-06, 2.6091226909066845e-05, -6.367735257417628e-06, -1.0455257717992272e-05, -1.6228491411113266e-06, 1.728263358452553e-05, -7.994630132346359e-06, -1.0848161794765887e-05, 1.4253576064993112e-05, -1.598561270160781e-05, 1.6223622252859587e-05, -1.618613159507648e-05]]
R->P3
[[-0.000126023968345379, 0.00011122765831289572, -1.1183040242723763e-05, -4.945414286555705e-06, 1.9361725838301647e-05, -6.866558630025388e-07, -1.3390819300559964e-05, -9.158796971178718e-07, 9.80873901663959e-06, 1.9465182759387245e-06, -1.3497630336929689e-05, 4.02145728040787e-06, -1.3763034588040735e-06, 4.550481394836187e-06, -1.138612054977367e-05]]
R->P1
[[-0.00013282184587737333, 0.00011144093021178691, -1.777764619674549e-05, -5.992298171102195e-06, 2.0791995550949877e-05, -3.0561863127373523e-06, -1.3924937027568612e-05, -1.3910768054299638e-06, 1.1837009311586877e-05, 3.767067522624651e-06, -1.3185254472314507e-05, 6.348900187238757e-06, 9.071181684278118e-08, 5.195354479351627e-06, -1.3032882868972001e-05]]
P1->P2
[[3.3499763318900477e-06, -1.367931421469848e-05, 1.735953491177611e-05, -1.1912163451199831e-05, 3.7457274926211426e-06, -4.908683148840964e-07, 7.985308547731051e-06, -2.874625559812216e-06, -9.249428054580733e-06, 1.0412047615204756e-05, -6.101078295905893e-06, 2.999780677193087e-06, -1.2230335757479338e-05, 1.56453148958402e-05, -4.8808799646415935e-06]]
P1->P3
[[7.4919744719181836e-06, -7.157858008532969e-06, -2.636977937120477e-06, -6.312823409571067e-06, 1.2854573094717159e-05, 2.5963441396825715e-07, -5.321844148697963e-06, -1.7990037595727593e-06, 3.2594296384136356e-06, 5.5154767325538145e-06, -9.356786879605172e-06, 1.273453195116403e-06, -2.1084642132240816e-06, 7.934763215922125e-06, -4.524901724145547e-06]]
P2->P3
[[4.322427020753139e-06, -1.3808924291813796e-05, 1.7943937559022904e-05, -1.2466113290116043e-05, 4.227120294075792e-06, -1.3238600329347483e-06, 7.5165147326965165e-06, -2.560462472409736e-06, -8.830513585373484e-06, 1.104494145351409e-05, -6.380105613884232e-06, 3.856560438705858e-06, -1.2890263186371778e-05, 1.5406273889280973e-05, -5.890750446498061e-06]]
==============================
W1_Energy_1
R->P2
[[0.0, 0.0, 0.0, 0.0, 0.0, 0.0, 0.0, 0.0, 0.0, 0.0, 0.0, 0.0, 0.0, 0.0, 0.0]]
R->P3
[[0.0, 0.0, 0.0, 0.0, 0.0, 0.0, 0.0, 0.0, 0.0, 0.0, 0.0, 0.0, 0.0, 0.0, 0.0]]
R->P1
[[0.0, 0.0, 0.0, 0.0, 0.0, 0.0, 0.0, 0.0, 0.0, 0.0, 0.0, 0.0, 0.0, 0.0, 0.0]]
P1->P2
[[0.0, 0.0, 0.0, 0.0, 0.0, 0.0, 0.0, 0.0, 0.0, 0.0, 0.0, 0.0, 0.0, 0.0, 0.0]]
P1->P3
[[0.0, 0.0, 0.0, 0.0, 0.0, 0.0, 0.0, 0.0, 0.0, 0.0, 0.0, 0.0, 0.0, 0.0, 0.0]]
P2->P3
[[0.0, 0.0, 0.0, 0.0, 0.0, 0.0, 0.0, 0.0, 0.0, 0.0, 0.0, 0.0, 0.0, 0.0, 0.0]]
==============================
W3_SymmetryFactor_1
R->P2
[[0.0, 0.0, 0.0, 0.0, 0.0, 0.0, 0.0, 0.0, 0.0, 0.0, 0.0, 0.0, 0.0, 0.0, 0.0]]
R->P3
[[0.0, 0.0, 0.0, 0.0, 0.0, 0.0, 0.0, 0.0, 0.0, 0.0, 0.0, 0.0, 0.0, 0.0, 0.0]]
R->P1
[[0.0, 0.0, 0.0, 0.0, 0.0, 0.0, 0.0, 0.0, 0.0, 0.0, 0.0, 0.0, 0.0, 0.0, 0.0]]
P1->P2
[[0.0, 0.0, 0.0, 0.0, 0.0, 0.0, 0.0, 0.0, 0.0, 0.0, 0.0, 0.0, 0.0, 0.0, 0.0]]
P1->P3
[[0.0, 0.0, 0.0, 0.0, 0.0, 0.0, 0.0, 0.0, 0.0, 0.0, 0.0, 0.0, 0.0, 0.0, 0.0]]
P2->P3
[[0.0, 0.0, 0.0, 0.0, 0.0, 0.0, 0.0, 0.0, 0.0, 0.0, 0.0, 0.0, 0.0, 0.0, 0.0]]
==============================
B6_Energy_1
R->P2
[[5.8865291644487396e-05, -1.8827765973164475e-05, -8.26310032875545e-06, -4.4870735359937755e-06, -2.1531335341545184e-06, -8.824452295277758e-07, -3.31126107532089e-07, -1.0062885310238698e-07, 4.6469177004727467e-10, -7.237957627882631e-09, 2.4002187694482352e-08, 8.548224286696263e-10, 6.931996762123427e-09, -1.0683007243652534e-09, 7.164454956033171e-09]]
R->P3
[[-6.032497857929951e-07, -3.162177696395507e-07, -1.743193012293242e-07, -8.273626299222986e-08, -1.5463361681236856e-08, 7.437996105896353e-10, 3.165503597981723e-09, 6.4033513402195494e-09, 6.076160419401484e-09, 5.194079708828114e-09, -2.7322329784000236e-09, 3.2199799428325713e-09, -6.430936855014363e-09, 5.2571855387957e-09, -2.9021855601912627e-09]]
R->P1
[[-5.839077974863204e-07, -2.862506116041339e-07, -1.6359762001043434e-07, -7.532902394586808e-08, -1.8830434226379303e-08, -2.518414029747624e-09, 7.053965992495261e-09, 9.87817403213372e-09, 3.203628824295443e-09, 9.564479604761822e-09, -2.69454895815081e-09, 2.8625266914710104e-09, -3.732017235488306e-09, 8.677395899487136e-10, -2.0470046346837413e-09]]
P1->P2
[[-2.273061905113338e-06, -3.0713739938551957e-06, -1.9247841506428036e-06, -1.0973325520246137e-06, -6.304777272900498e-07, -3.053303354314876e-07, -1.6117187433294435e-07, -6.616042679911495e-08, -1.9068403888291977e-08, -2.313287510185509e-08, 1.0318325230726156e-08, -9.661908798044216e-09, 1.7097317335074613e-08, -1.5840087585355968e-08, 1.2303185211885309e-08]]
P1->P3
[[0.0, 0.0, 0.0, 0.0, 0.0, 0.0, 0.0, 0.0, 0.0, 0.0, 0.0, 0.0, 0.0, 0.0, 0.0]]
P2->P3
[[-2.6784059188217555e-06, -3.785810583247507e-06, -2.3810968101791255e-06, -1.3988679376769522e-06, -7.657261861368594e-07, -3.717640537587674e-07, -1.7204864641423209e-07, -5.8411618376830854e-08, -1.4790732340647203e-08, 3.297112212491267e-09, 8.024614859247712e-09, 9.465038885586448e-10, 8.804490313750513e-09, -7.624338348011032e-10, 2.330237058570417e-09]]
==============================
B5_Frequencies_1
R->P2
[[0.001743229219351023, 0.0010040564868524788, 0.0006415318136358436, 0.0003931487425348344, 0.00023370309318089668, 0.00012697570446382263, 6.803118100234653e-05, 3.514795676928239e-05, 1.4051434732167098e-05, 9.807324217313361e-06, -3.343718586519747e-07, 3.3949735447499785e-06, -3.1595309504243197e-06, 1.0971612160512554e-06, -2.2991710611751096e-06]]
R->P3
[[-1.5675735896250844, -0.031261819701920546, -0.013098781234895966, -0.0038348855176182062, 8.853011074525642e-05, 0.0013800894175953265, 0.0014509102039030049, 0.001156723611126538, 0.000831942627141942, 0.0005192828675962444, 0.00035393761477529894, 0.00017772437196491837, 0.00013325624714302423, 4.2010059194730565e-05, 4.792654455511812e-05]]
R->P1
[[0.06623005846846629, 0.028903180471255972, 0.01904509724188301, 0.012074646919983395, 0.007368226818271245, 0.0044286886409459145, 0.0026007018806925427, 0.0015120234457802189, 0.0008716695819450805, 0.0004811586289354691, 0.00028792394839873106, 0.00013606820297913332, 9.960979749482756e-05, 2.794167417436329e-05, 3.368344167210149e-05]]
P1->P2
[[0.03792129997388545, 0.01728408914901269, 0.01160318195031041, 0.007640803197201704, 0.00482693584597295, 0.003009512007449956, 0.0018106909625193598, 0.0010778365394176219, 0.000636881670675053, 0.00035035109282835784, 0.00022472067251236565, 9.80127886766324e-05, 8.668344013798504e-05, 1.8006511468412504e-05, 3.458664699814562e-05]]
P1->P3
[[-0.519171598860463, -0.5693022101878675, -0.20285008269562205, -0.06306786269425274, -0.021536213097894934, -0.007357003879931871, -0.0022676822219224275, -0.0004160964973537921, -9.339389926148891e-05, 4.077316716863828e-06, 0.0006919217855218709, 0.00010569726548934228, 0.00016393971983331943, -0.0002630281220862103, 0.00014791638900529924]]
P2->P3
[[-1.4954318501472623, -0.054084797409785154, -0.02794918986831135, -0.013381752753562834, -0.0056472510912805324, -0.0018205740098091803, -0.00020719947489627566, 0.00035432776750712305, 0.00045552463182823606, 0.00035981804944171063, 0.0002797648014214482, 0.00015728139896070895, 0.00011637540312503303, 3.781002235108511e-05, 3.630007586187574e-05]]
==============================
B1_NejScale_1
R->P2
[[0.217597481938484, -0.015035468061466292, -0.00490510193839086, -0.0052801942093852515, -0.0038629815618779362, -0.002264206449135242, -0.0012552946577436823, -0.0006577570615936653, -0.00027397544460441376, -0.00018829899610224452, -2.819644941086447e-05, -5.356187026465264e-05, 7.279105726275132e-06, -2.5497312297038388e-05, 1.4889464943382854e-05]]
R->P3
[[0.03905691334394737, 0.0028547453697689643, 0.0030115512248336308, 0.0008282957330035124, 4.1482430198740726e-05, -0.00015467861419989057, -0.00017769428593059652, -0.00013506036813393005, -7.481015800652351e-05, -6.049931849658268e-05, -2.0505785994637432e-05, -1.9970080727283216e-05, -6.845435912224179e-06, -7.135535695107935e-06, -4.5336015517294487e-07]]
R->P1
[[0.038913409486587364, 0.0024478784418333634, 0.0029346276245399055, 0.0009322178609615416, 0.00017349146974958302, -3.461866165052562e-05, -9.10442406327043e-05, -8.315129934291855e-05, -3.924831662356693e-05, -4.716679003691305e-05, -7.066551274863782e-06, -1.9574772534220174e-05, 3.552587534387265e-07, -1.0251275935050044e-05, 4.043178554687807e-06]]
P1->P2
[[-0.00030242011632259096, -0.0005938718710103756, -0.0005336501947292215, -0.00046328194567725104, -0.00036979071751407403, -0.0002865111996445124, -0.00020738888234444013, -0.00014517683855604625, -9.937060086755172e-05, -6.234031850266257e-05, -4.307729515298938e-05, -2.212320989237212e-05, -1.7004516887380657e-05, -5.097395231868794e-06, -5.728209642327806e-06]]
P1->P3
[[0.0, 0.0, 0.0, 0.0, 0.0, 0.0, 0.0, 0.0, 0.0, 0.0, 0.0, 0.0, 0.0, 0.0, 0.0]]
P2->P3
[[-0.000580268611481444, -0.0011369258286938896, -0.001022216673644378, -0.0008854872468316976, -0.0007081244174513534, -0.0005474190096552791, -0.0003946567951845867, -0.0002731773484305107, -0.00018386463519440597, -0.00011403156998727796, -7.735722717455903e-05, -3.9685707729421444e-05, -2.9515254500808937e-05, -8.599103109299785e-06, -9.372907922572412e-06]]
==============================
B6_Frequencies_1
R->P2
[[0.6266793239225595, -0.1043550924711784, -0.052084948943164, -0.037159924950248585, -0.022645312466004926, -0.012006009405898844, -0.006004889676279544, -0.0028084887320831936, -0.0010393562904434967, -0.0005821560633764436, -7.572668304136684e-06, -0.0001147108457500113, 8.730254760210164e-05, -6.17249591458186e-05, 7.409205186992499e-05]]
R->P3
[[-0.00789570994745428, -0.005999859231398916, -0.003781578373356767, -0.0019302039515159014, -0.0008508721967650728, -0.00029120970929327153, -4.373008783842215e-05, 4.583663062712682e-05, 6.609340580882226e-05, 5.564908726105604e-05, 4.104764681725664e-05, 2.1979641590373874e-05, 1.5944786654687884e-05, 7.465731470573574e-06, 3.3341023448053543e-06]]
R->P1
[[-0.007445700585555875, -0.0052554259402379155, -0.0033470139210993806, -0.0017529254374395466, -0.0008252878459935536, -0.0003420156150036253, -0.00011086524968438961, -1.310125383677042e-05, 1.7459069839041183e-05, 2.7371295775273098e-05, 1.9528366358258258e-05, 1.5260846313988744e-05, 8.33179915338997e-06, 4.945753080452961e-06, 1.4669302181844268e-06]]
P1->P2
[[-0.026952586442763504, -0.04091839859133507, -0.028184186001122272, -0.01841611626987175, -0.011418573916992195, -0.0067723869507387985, -0.0038438942365025446, -0.002103632858474692, -0.0011127088272973014, -0.000559953019968072, -0.0002848679570422707, -0.00012272413226152573, -7.099975703541819e-05, -1.963498544263848e-05, -2.2257962486588656e-05]]
P1->P3
[[5.082915014346192e-07, 3.4684719810176583e-06, 1.1649771219638475e-06, 3.1922763060857525e-06, 1.4738624466890947e-06, 2.5481284701613826e-06, 1.7548642620287154e-06, 1.6806432670919732e-06, 2.01692735074168e-06, 9.640356020808546e-07, 2.226183969279084e-06, 5.296473980767705e-07, 2.0473790334686232e-06, 1.517568661459181e-07, 1.3529238652162012e-06]]
P2->P3
[[-0.0343323670781503, -0.05406342421646252, -0.03836508719614342, -0.02548730604494482, -0.015906580013909957, -0.00938055834246481, -0.005240201839556353, -0.002772836635109722, -0.0013914092098732637, -0.0006469294316065391, -0.0002839735076141373, -0.00010735401930976245, -3.8290126228481634e-05, -6.677371642473539e-06, -2.7997803298727175e-06]]
==============================
B6_SymmetryFactor_1
R->P2
[[0.17068887459066318, -0.03597444189806405, -0.016959343830028735, -0.01102479245465775, -0.0062632060477814016, -0.003110755314918671, -0.0014605023485422086, -0.0006379128014944571, -0.00020073979507958723, -0.00011834871847789784, 2.2981613760335004e-05, -2.250324750615455e-05, 2.851320196652628e-05, -1.6268809176064584e-05, 2.2706583109295057e-05]]
R->P3
[[-0.001969553317726891, -0.0013918115316444452, -0.0008554078894178805, -0.00042713348470068796, -0.0001750348055725182, -5.3791875049411735e-05, -1.8226214810518279e-06, 1.4528008074881227e-05, 1.6978398169157258e-05, 1.4975118931699463e-05, 6.800327286794238e-06, 6.777931767419974e-06, -3.3333912030741814e-07, 4.805528438997183e-06, -3.0043943994343154e-06]]
R->P1
[[-0.0018691994009259836, -0.0012280721657466397, -0.0007628825090108497, -0.00039819399895489697, -0.00017406836669801325, -7.265396202498223e-05, -1.8249903866210804e-05, 2.7479571852711223e-06, 5.460275757157478e-06, 1.4098946355652843e-05, 1.3628171294023691e-06, 8.684347311757426e-06, -4.03383224536561e-06, 3.5099577779115357e-06, -5.70532227854967e-06]]
P1->P2
[[-0.006869414560011597, -0.010139974074527791, -0.00680253620188522, -0.004334607726495607, -0.002628091822004687, -0.0015195542922730638, -0.0008411831153569275, -0.0004463025398835872, -0.00023061957088284457, -0.00011220534059202938, -5.460020333147119e-05, -2.2186770120999172e-05, -1.0229234460625526e-05, -3.066185169589933e-06, -1.5958234856092687e-06]]
P1->P3
[[0.0, 0.0, 0.0, 0.0, 0.0, 0.0, 0.0, 0.0, 0.0, 0.0, 0.0, 0.0, 0.0, 0.0, 0.0]]
P2->P3
[[-0.008578145908176418, -0.013147240490568706, -0.009079550812915387, -0.005878055568560649, -0.0035725461524465504, -0.0020464467131235606, -0.0011080690246687299, -0.0005624797337504657, -0.00026980196306971774, -0.00011580617825522035, -4.6136735108046924e-05, -1.3321814285154335e-05, -2.354757186386751e-06, 2.3653857869915187e-06, -6.334640377685766e-07]]
==============================
W3_Energy_1
R->P2
[[0.0, 0.0, 0.0, 0.0, 0.0, 0.0, 0.0, 0.0, 0.0, 0.0, 0.0, 0.0, 0.0, 0.0, 0.0]]
R->P3
[[0.0, 0.0, 0.0, 0.0, 0.0, 0.0, 0.0, 0.0, 0.0, 0.0, 0.0, 0.0, 0.0, 0.0, 0.0]]
R->P1
[[0.0, 0.0, 0.0, 0.0, 0.0, 0.0, 0.0, 0.0, 0.0, 0.0, 0.0, 0.0, 0.0, 0.0, 0.0]]
P1->P2
[[0.0, 0.0, 0.0, 0.0, 0.0, 0.0, 0.0, 0.0, 0.0, 0.0, 0.0, 0.0, 0.0, 0.0, 0.0]]
P1->P3
[[0.0, 0.0, 0.0, 0.0, 0.0, 0.0, 0.0, 0.0, 0.0, 0.0, 0.0, 0.0, 0.0, 0.0, 0.0]]
P2->P3
[[0.0, 0.0, 0.0, 0.0, 0.0, 0.0, 0.0, 0.0, 0.0, 0.0, 0.0, 0.0, 0.0, 0.0, 0.0]]
==============================
W1_SymmetryFactor_1
R->P2
[[0.0, 0.0, 0.0, 0.0, 0.0, 0.0, 0.0, 0.0, 0.0, 0.0, 0.0, 0.0, 0.0, 0.0, 0.0]]
R->P3
[[0.0, 0.0, 0.0, 0.0, 0.0, 0.0, 0.0, 0.0, 0.0, 0.0, 0.0, 0.0, 0.0, 0.0, 0.0]]
R->P1
[[-6.512453702326336e-08, 2.1011358487853505e-07, -2.2450761285240233e-07, 9.511353967680107e-08, -9.636616771256426e-08, 1.3275510239706843e-07, -1.1236371826916667e-08, -6.685837956488781e-08, 1.125264155857684e-08, -6.837130442386247e-08, 1.8525437293112926e-07, -1.1780250518339021e-07, 7.298217854812566e-08, -1.886028773717134e-07, 1.2585726909318004e-07]]
P1->P2
[[0.0, 0.0, 0.0, 0.0, 0.0, 0.0, 0.0, 0.0, 0.0, 0.0, 0.0, 0.0, 0.0, 0.0, 0.0]]
P1->P3
[[0.0, 0.0, 0.0, 0.0, 0.0, 0.0, 0.0, 0.0, 0.0, 0.0, 0.0, 0.0, 0.0, 0.0, 0.0]]
P2->P3
[[0.0, 0.0, 0.0, 0.0, 0.0, 0.0, 0.0, 0.0, 0.0, 0.0, 0.0, 0.0, 0.0, 0.0, 0.0]]
==============================
W3_Frequencies_1
R->P2
[[0.0, 0.0, 0.0, 0.0, 0.0, 0.0, 0.0, 0.0, 0.0, 0.0, 0.0, 0.0, 0.0, 0.0, 0.0]]
R->P3
[[0.0, 0.0, 0.0, 0.0, 0.0, 0.0, 0.0, 0.0, 0.0, 0.0, 0.0, 0.0, 0.0, 0.0, 0.0]]
R->P1
[[0.0, 0.0, 0.0, 0.0, 0.0, 0.0, 0.0, 0.0, 0.0, 0.0, 0.0, 0.0, 0.0, 0.0, 0.0]]
P1->P2
[[0.0, 0.0, 0.0, 0.0, 0.0, 0.0, 0.0, 0.0, 0.0, 0.0, 0.0, 0.0, 0.0, 0.0, 0.0]]
P1->P3
[[0.0, 0.0, 0.0, 0.0, 0.0, 0.0, 0.0, 0.0, 0.0, 0.0, 0.0, 0.0, 0.0, 0.0, 0.0]]
P2->P3
[[0.0, 0.0, 0.0, 0.0, 0.0, 0.0, 0.0, 0.0, 0.0, 0.0, 0.0, 0.0, 0.0, 0.0, 0.0]]
==============================
B5_SymmetryFactor_1
R->P2
[[0.0005078350559716155, 0.0002606972153221434, 0.00016636930196505328, 9.700715377336859e-05, 5.8718927822502085e-05, 3.0042304364035336e-05, 1.6242771659837277e-05, 8.154752472918094e-06, 1.6904082707011413e-06, 3.442313107416004e-06, -2.4096633579014154e-06, 3.5872890730311115e-06, -3.991910051379647e-06, 2.0500685717194246e-06, -1.1867558191163827e-06]]
R->P3
[[-0.41362828860954587, 0.009514253633845074, 0.006422963219283187, 0.004132967648570554, 0.0025540589929413586, 0.0015435441775403203, 0.0009058190304729449, 0.0005272727560959451, 0.00029845984315948244, 0.00016591125608803045, 9.461666149713569e-05, 4.432284058217487e-05, 2.8664362751941724e-05, 1.0848173199477574e-05, 7.699089130513742e-06]]
R->P1
[[0.0196166862972479, 0.007662065336429187, 0.0050011893509242745, 0.0031304343696821942, 0.0018926133723695107, 0.0011220247277184197, 0.0006535897406237557, 0.00037692646557464484, 0.00021553729607001545, 0.00012192244785382758, 6.959308122751337e-05, 3.565062086347615e-05, 2.2101276495307116e-05, 8.213634934058996e-06, 5.207093268294137e-06]]
P1->P2
[[0.011837707911098928, 0.00475549164005293, 0.003143056560904631, 0.0020583132462079477, 0.001277139107083149, 0.0007937983709268764, 0.0004713612497542164, 0.0002761660740912348, 0.00016608834352882125, 8.137394691227723e-05, 6.222777702495138e-05, 1.9995471174510033e-05, 2.718126139308433e-05, -1.1222051017276375e-06, 1.1873842947956648e-05]]
P1->P3
[[-0.4327685103001496, 0.0026339693304022194, 0.0020478821527115548, 0.0015041012442533106, 0.0010339184488678055, 0.0007032454481383857, 0.00045587051685200654, 0.0002921548037575539, 0.00018904529128227214, 0.00010761408509070265, 7.926756047506389e-05, 3.720414245322201e-05, 2.9456025109573733e-05, 1.261028909322526e-05, 1.1142327871780496e-05]]
P2->P3
[[-0.4215596742904991, 0.006334149699530994, 0.004404325812756179, 0.002958624468455887, 0.0018987931360089152, 0.0011909331470469683, 0.0007163797965730759, 0.00042640696555611406, 0.00024754799393732137, 0.00013769535499235551, 8.355182055045599e-05, 3.7052796865447844e-05, 2.8833420009758875e-05, 8.42573673487263e-06, 1.0304096050685609e-05]]
==============================
W2_SymmetryFactor_1
R->P2
[[0.0, 0.0, 0.0, 0.0, 0.0, 0.0, 0.0, 0.0, 0.0, 0.0, 0.0, 0.0, 0.0, 0.0, 0.0]]
R->P3
[[0.0, 0.0, 0.0, 0.0, 0.0, 0.0, 0.0, 0.0, 0.0, 0.0, 0.0, 0.0, 0.0, 0.0, 0.0]]
R->P1
[[0.0, 0.0, 0.0, 0.0, 0.0, 0.0, 0.0, 0.0, 0.0, 0.0, 0.0, 0.0, 0.0, 0.0, 0.0]]
P1->P2
[[0.0, 0.0, 0.0, 0.0, 0.0, 0.0, 0.0, 0.0, 0.0, 0.0, 0.0, 0.0, 0.0, 0.0, 0.0]]
P1->P3
[[0.0, 0.0, 0.0, 0.0, 0.0, 0.0, 0.0, 0.0, 0.0, 0.0, 0.0, 0.0, 0.0, 0.0, 0.0]]
P2->P3
[[0.0, 0.0, 0.0, 0.0, 0.0, 0.0, 0.0, 0.0, 0.0, 0.0, 0.0, 0.0, 0.0, 0.0, 0.0]]
==============================
B2_Energy_1
R->P2
[[-0.0007449589000252388, 0.0006492132104884973, -6.962815937150424e-06, -1.4073861160091017e-05, 1.4488464917597477e-05, -2.3827171759249755e-06, -9.170252480289465e-06, 1.131624334724246e-06, 7.949821501651577e-06, 3.71799240506121e-06, -1.3291980866594888e-05, 5.155305836182511e-06, -3.692317573911197e-07, 4.26926802511024e-06, -1.036722613527441e-05]]
R->P3
[[-0.0014880863542288125, 0.001305067386879466, -1.0050834737818093e-05, -6.729756329704184e-06, 1.89280336519021e-05, -6.105693715757754e-06, -1.2581129283997794e-05, -2.598730730607457e-08, 8.100802610794267e-06, 6.487888798492603e-06, -1.5107284876648627e-05, 9.681854479665075e-06, -3.624317354532225e-06, 1.0884086668189186e-05, -1.3267669943632654e-05]]
R->P1
[[-0.0015487804521896464, 0.0013166688143306793, -9.086635376909236e-06, -4.839808322894268e-06, 2.2839285631244544e-05, -7.787212351235973e-06, -1.3948034879376903e-05, -1.5842012980778197e-06, 8.76624106433549e-06, 5.9167130104717525e-06, -1.6232998087378075e-05, 8.260635329729316e-06, -1.6155014809227097e-06, 1.0237238228555552e-05, -1.3275453796613226e-05]]
P1->P2
[[3.379028434835618e-06, -1.3345626861394067e-05, 1.7378690575498013e-05, -1.170890710611161e-05, 3.684437723805445e-06, -4.82565321036077e-07, 7.846614451523237e-06, -3.0685104368544103e-06, -9.4350133705845e-06, 1.009163880461017e-05, -6.242832919500785e-06, 2.717198142043742e-06, -1.2237656683566911e-05, 1.5505340766885922e-05, -4.784367473309459e-06]]
P1->P3
[[7.4919744719181836e-06, -7.157858008532969e-06, -2.636977937120477e-06, -6.312823409571067e-06, 1.2854573094717159e-05, 2.5963441396825715e-07, -5.321844148697963e-06, -1.7990037595727593e-06, 3.2594296384136356e-06, 5.5154767325538145e-06, -9.356786879605172e-06, 1.273453195116403e-06, -2.1084642132240816e-06, 7.934763215922125e-06, -4.524901724145547e-06]]
P2->P3
[[4.289136281698802e-06, -1.3090166717799612e-05, 1.793047642487111e-05, -1.1820730566602933e-05, 4.3406521027522516e-06, -8.423199244524116e-07, 7.772286060988773e-06, -2.300245375095461e-06, -8.4344582275582e-06, 1.1132825600349006e-05, -5.853796488817717e-06, 3.878517867549752e-06, -1.2337789556957426e-05, 1.539137164852447e-05, -5.483775134670563e-06]]
==============================
B2_NejScale_1
R->P2
[[0.22280050717814973, 0.0071113856456713215, -0.0016865175103790817, 0.00018930654341144042, 0.00022392788596059676, -0.00022773309815952162, -0.0003566059322453057, -0.0003515435103796607, -0.0003431648725545353, -0.0001606935587838826, -0.00019118916193383727, -4.567592097153538e-05, -8.695572372855522e-05, 7.08823101766338e-06, -4.1856303995086435e-05]]
R->P3
[[0.3952357072359229, -0.008822017754781341, -0.00800302119943485, -0.0049545909102765035, -0.0031227135004375213, -0.0020594686653979837, -0.0013196242663967841, -0.0008378417398402599, -0.0005469341673404684, -0.0002974202652120895, -0.00021802645213853924, -8.815269297301338e-05, -8.681567765778843e-05, -1.074732467184163e-05, -3.516405404718533e-05]]
R->P1
[[0.396430296149513, -0.006392612559395559, -0.006164472409439315, -0.003595339561574969, -0.002154095660215245, -0.0013837414426369737, -0.0008614381862351575, -0.0005386930860992109, -0.0003582465714629715, -0.00018280258076494707, -0.00014776947406879452, -5.0634819780481986e-05, -6.027261776668898e-05, -3.729604932059535e-06, -2.640568652246047e-05]]
P1->P2
[[-0.00041125492104553184, -0.0008181582223417298, -0.0007328990094065548, -0.0006506799953667683, -0.0005231394727665449, -0.0004174002112508421, -0.0003079864532325591, -0.00022173072900794926, -0.00015767056265653356, -0.00010000144642733178, -7.485139927019287e-05, -3.742751844454668e-05, -3.3610247905429304e-05, -9.091492554914226e-06, -1.315024752462291e-05]]
P1->P3
[[-3.5444737617064845e-06, -4.002219968917427e-06, -6.409510256372212e-06, -3.376582873586359e-06, -4.694558023842891e-06, -2.524730317109318e-06, -2.544453386691951e-06, -1.6856285711350128e-06, -3.7154074367913116e-07, -8.225161955694225e-07, 1.3926550586432754e-06, -1.1738716952113091e-07, 2.0912651503905273e-06, 3.425473529178424e-08, 1.5983984590683435e-06]]
P2->P3
[[-0.0008328247459186435, -0.0016547120117833462, -0.001482403340505043, -0.0013148230011931453, -0.001058869164530497, -0.0008450077109060825, -0.000623236303453195, -0.0004467904060571281, -0.000315235540038127, -0.00019822370758142997, -0.0001463748946577102, -7.163215315906285e-05, -6.352912901167898e-05, -1.577966923968605e-05, -2.4645528686134e-05]]
==============================
B3_Energy_1
R->P2
[[-0.0002638562528289867, 8.349953655617526e-05, 4.2609697283035874e-05, 1.4221534972713723e-05, 6.672499159657286e-06, 1.1039334033013937e-06, 1.2417111276696868e-06, 5.47526109173635e-07, -4.5074916021903277e-10, 9.947767068418933e-07, -2.1089619086332723e-06, 7.761393185090615e-07, -3.3583708131113e-06, 7.315548549054196e-07, -1.8076142405468176e-06]]
R->P3
[[1.7638054750079846e-06, 1.5815916648564965e-06, -1.3409533622388281e-06, -2.607865434711698e-07, -5.915803590744728e-07, -3.211484991133551e-07, -5.728757513506766e-07, -1.7810003385271278e-06, -4.497925196883523e-07, 1.2335799039892015e-06, 1.5207504034699115e-07, -7.227524446637434e-07, 1.2007591576601584e-06, 2.4405559441442737e-07, -1.9109612670042964e-07]]
R->P1
[[1.5278264697826671e-06, 6.249364893629039e-07, -2.1600457221493397e-07, -1.496617638499509e-07, 3.0014670427888634e-08, 4.1438637105040144e-07, -1.492778382867349e-06, -5.517544483107928e-07, -1.6043479244415293e-06, -1.5702701621628234e-07, -8.82631741999651e-07, -1.0728726064068023e-06, 7.032412279416034e-07, -2.2879876337717625e-07, 8.342745235097315e-07]]
P1->P2
[[-0.0016905210041073815, 0.0014318082846465074, 3.011013323117595e-06, 4.465508842699251e-06, -4.741888610659828e-06, 5.103224793856498e-06, -4.4193964399141805e-06, 3.146696774258828e-06, -8.821466224162577e-08, 1.7301542776237966e-06, -6.184398603226171e-06, 6.5488616307618486e-06, 1.2344909716688335e-06, -3.928224262539359e-06, 2.647978882830415e-06]]
P1->P3
[[0.0, 0.0, 0.0, 0.0, 0.0, 0.0, 0.0, 0.0, 0.0, 0.0, 0.0, 0.0, 0.0, 0.0, 0.0]]
P2->P3
[[-0.0016054438004786675, 0.0014082891618882876, 6.723762307203618e-06, -9.752639506810379e-06, 1.2217126482347296e-06, -9.604352374514846e-07, -4.997564305875973e-06, 5.446082292047405e-06, -6.54750020128575e-06, 1.0479626428028244e-05, -1.2844364724281295e-05, 1.1894049754225186e-05, -6.55942216023532e-06, 2.576113563058924e-06, -8.77880368980663e-07]]
==============================
B3_NejScale_1
R->P2
[[0.40616390357536675, -0.020032821491072942, -0.011581295672008022, -0.005962692362425977, -0.0027757274280315568, -0.0011626932748732136, -0.0004266356762493298, -0.00011975754313041735, -4.323578518044277e-06, 2.363954528181303e-05, 2.7718559207917407e-05, 1.872291513309423e-05, 1.3117645590553506e-05, 5.772832532450181e-06, 5.816008440414763e-06]]
R->P3
[[-0.005259278196227655, -0.004663191494226678, -0.0030727460107327306, -0.0018280670648290658, -0.0010034227560686356, -0.0005244720083811594, -0.00025552606240519603, -0.00011442557622535152, -4.758610140477521e-05, -1.1966668218085752e-05, -3.4518587059854144e-06, 5.038627637257371e-06, -1.1284324355505575e-06, 6.182771772898728e-06, -2.171989921220549e-06]]
R->P1
[[-0.004820948805389336, -0.003895087114217898, -0.0025382431446713998, -0.0014935544144079693, -0.0008234282615530868, -0.00043702825872507414, -0.00021969904174263448, -0.00010492039812022914, -4.9405846220299297e-05, -1.77958517172069e-05, -1.0407628251476249e-05, -1.3636418464331105e-06, -3.560373629505924e-06, 2.2666520491794363e-07, -5.043008519752718e-07]]
P1->P2
[[0.4268531449388399, -0.010992917689887513, -0.007371638141835123, -0.004661854221941858, -0.002801307093923451, -0.0015876701395460765, -0.0008604206687462864, -0.00044035318539591606, -0.00021203818715657236, -0.00010093681495315403, -3.639862780513755e-05, -1.840187337026771e-05, -9.12659507088424e-07, -3.126831307652482e-06, 2.808750855016787e-07]]
P1->P3
[[-3.352330202785949e-06, -8.146510060987692e-06, -6.051692293023052e-06, -6.5667212909093704e-06, -4.410858683823431e-06, -4.0730244991924025e-06, -2.5550157817893403e-06, -1.6738882227195911e-06, -1.2860010044214176e-06, -2.073851747167388e-07, -9.061903688490538e-07, 2.0101310181719737e-07, -9.546508277361046e-07, 1.5071044331424747e-07, -8.066269893374199e-07]]
P2->P3
[[0.4250638416844255, -0.014129109946106035, -0.009717369635367715, -0.0062146735952063326, -0.0037201638906564265, -0.002065898209618433, -0.0010763676499433647, -0.00050995953245704, -0.00021690727722438572, -7.77127285733763e-05, -1.2315096404378509e-05, 5.124709878831779e-07, 1.49741372410051e-05, 3.979929577068395e-06, 8.600129818640747e-06]]
==============================
B4_Energy_1
R->P2
[[4.8113298589669284e-06, -5.088270729203259e-06, 3.864026564270873e-06, -2.0644266973679493e-06, 1.442802280149369e-06, 7.850296084022101e-07, 6.937318716010443e-07, 5.7516950230374064e-08, -1.9106527152090713e-06, 2.364999493881248e-06, -3.611766692338675e-06, 3.7149431943162003e-06, -3.3803558034672943e-06, 1.7730531316241527e-06, -3.6927599995212335e-07]]
R->P3
[[9.695667445797085e-05, -1.68692129096093e-05, -4.237629819270339e-06, -5.681704297738621e-06, -9.449180123077827e-07, -5.806646190958942e-07, 5.772419553809471e-07, -1.970742839474404e-06, -6.165380304207213e-07, 1.8878771620989276e-06, -2.8635726636271064e-06, 1.2239486745641015e-06, -3.5539533523726297e-06, 2.2461857637767757e-06, -2.778407899618751e-06]]
R->P1
[[-3.9762621106831375e-06, -1.2781129438144134e-06, 8.138531355783574e-07, -1.1278584677310022e-06, 4.364156098047439e-07, 9.597401512406734e-08, -2.227762348726292e-07, 1.2457349480264612e-06, -2.1920984236145635e-07, 2.0807759921505353e-06, -1.757518712942191e-07, 5.66859261700442e-07, -1.1079281813167197e-07, 2.1814383000494375e-07, -2.2371317788712208e-07]]
P1->P2
[[-3.7601887115101817e-06, 2.7409246428078404e-07, -4.3995914467132025e-07, 2.1350401446795786e-06, -8.212080815361844e-07, 3.3573398638964136e-06, -1.0105689174366717e-07, 8.122640604568687e-07, -6.430266052959155e-07, -5.482371756571069e-07, -1.6675067604499105e-07, 2.1047460663226047e-07, 6.672066499291418e-07, -7.882011510140785e-07, -3.431946660192864e-07]]
P1->P3
[[-6.588847689670274e-07, -2.6177096934532074e-07, 2.6644171313705556e-08, 3.738485832016636e-07, -5.001464012388546e-07, -4.4227384532469216e-08, 6.222416767953654e-07, 8.372686455260236e-07, 3.0090917257918903e-07, -3.4964473705212384e-07, 3.05816733117692e-07, 2.1585266629653432e-07, 1.2626004547433567e-07, -8.870205712996349e-07, -3.326829017824551e-07]]
P2->P3
[[0.00011814681972310836, -2.0759000510101044e-05, -7.3436022739181706e-06, -6.642050801586308e-06, -1.7242453207930164e-06, -7.768726789647573e-07, -2.621987026663053e-06, 1.5610604458399235e-08, 4.2000975666173224e-08, -3.1434012040879034e-07, 3.152726645396821e-07, -7.406326149855119e-07, -3.069932728513858e-07, 1.150830910780394e-06, -1.0962445346450467e-06]]
==============================
B4_NejScale_1
R->P2
[[-0.009313040155580859, -0.00011579649513850415, 0.00020810538084180345, 0.00011225029705770797, 8.211156175014079e-05, 6.882134267531698e-05, 5.0786748613886306e-05, 3.6038947528227324e-05, 2.3253172947510153e-05, 1.1855505309543012e-05, 8.758008023574094e-06, 3.6889141886356277e-06, 5.851546904840287e-07, 1.4282727453434406e-06, 1.172217509416112e-06]]
R->P3
[[-0.41336681585017343, 0.009882029105940406, 0.006718858281039171, 0.004348934415237244, 0.0027087501826777776, 0.0016438963102943982, 0.0009747639211901813, 0.0005649958817432725, 0.00032432720321093626, 0.00018044509921921861, 0.00010083225116378286, 5.2238048992645515e-05, 2.9206114238810592e-05, 1.3065685349636435e-05, 7.792543039401479e-06]]
R->P1
[[0.019821676342219062, 0.007930427005110591, 0.0052096819368842385, 0.0032814712023792555, 0.0019991773695521393, 0.0011927090961866853, 0.0006992339537784769, 0.0004055968942222621, 0.00023029579509479392, 0.00013047677676808248, 7.121586715598508e-05, 3.72970398506456e-05, 2.042490635797626e-05, 7.958414796901331e-06, 5.17588944785287e-06]]
P1->P2
[[0.011890945343826932, 0.004847321976099405, 0.003218494053003814, 0.002114579408768046, 0.001322470934811072, 0.0008243062832745464, 0.0004922625437463475, 0.0002894149841857269, 0.00017535469347132224, 8.94690942740764e-05, 6.328226717083478e-05, 2.1522556193801117e-05, 2.7913879506545204e-05, 1.4093246854816304e-06, 9.917252352197334e-06]]
P1->P3
[[0.0015322101509274804, 0.0026496216820800123, 0.0020558683430809605, 0.0015200318152192721, 0.001041199463360067, 0.0007142596507569586, 0.0004615080350675808, 0.00029640119129727, 0.000195140949741173, 0.00011067649936828637, 8.320458641222113e-05, 3.9061665196054256e-05, 3.3743437792630624e-05, 1.0585232986523333e-05, 1.309034302398472e-05]]
P2->P3
[[-0.4214784896687525, 0.0064838204264809724, 0.004528254606894502, 0.003059247561548756, 0.0019766782375646667, 0.001245901137205945, 0.0007541783202114314, 0.00045248222238126757, 0.00026382745217875213, 0.0001474338551358642, 9.030424944802575e-05, 4.1659754850461294e-05, 3.198955802548759e-05, 1.0134611737939028e-05, 1.0717752711641396e-05]]
==============================
B7_NejScale_1
R->P2
[[-0.2216011434669573, -0.008559879343828862, 0.0004322557148796389, -0.0005237705383793413, -0.00023216865703839563, 0.0002665553351345803, 0.0003974566010341211, 0.00037753545199075594, 0.00034780333082181633, 0.00017525519475968993, 0.00018200736835693025, 5.682003152173488e-05, 7.64449263068057e-05, -9.009274776492325e-08, 3.504505898172461e-05]]
R->P3
[[0.00580115636563534, 0.008383206510009357, 0.006640633415336564, 0.004972336161451879, 0.0035122238045374866, 0.0023989643566154606, 0.0015647053315457262, 0.0009891160632355433, 0.0006137816485025816, 0.00035806069848029335, 0.000218003706915434, 0.00010980555775008178, 7.403301985848892e-05, 2.448910346056521e-05, 2.2303644376619093e-05]]
R->P1
[[0.004540303176393666, 0.006018238852907157, 0.0046410183839226725, 0.003403568519791686, 0.0023578596422906923, 0.0015903121043543595, 0.0010284705055389805, 0.0006483140918207398, 0.00040269225597791336, 0.0002356017928238731, 0.00014792913091505016, 7.344027202975857e-05, 5.314440923524909e-05, 1.6467503450453246e-05, 1.7750566274809824e-05]]
P1->P2
[[0.0011190683411344594, 0.002006402885459994, 0.0015944836043332194, 0.001278541016566811, 0.0009302606792086286, 0.0006864630654958638, 0.0004731757183116761, 0.00031715876949144783, 0.00021957909738049084, 0.0001224478695423426, 9.884409659246693e-05, 3.873343202258181e-05, 4.546809051847693e-05, 4.196321219741201e-06, 1.9711719970306072e-05]]
P1->P3
[[0.0, 0.0, 0.0, 0.0, 0.0, 0.0, 0.0, 0.0, 0.0, 0.0, 0.0, 0.0, 0.0, 0.0, 0.0]]
P2->P3
[[0.0018161651781539775, 0.0033140890528398203, 0.0027678974880932005, 0.0022330110050975066, 0.0016865536611667955, 0.001247204609498205, 0.0008708704791322271, 0.0005953886042318862, 0.00039660316612937717, 0.00024653692402687135, 0.00016653669499318679, 8.572301480446808e-05, 6.767272903833161e-05, 2.1072014423217528e-05, 2.6908376345197597e-05]]
==============================
B7_Energy_1
R->P2
[[5.4596735541423413e-05, -8.945759250034158e-06, -3.1151645671356754e-06, -2.7463222002088727e-06, -4.068454226291429e-08, -1.9638200329796796e-07, 1.9749194855867014e-06, 5.68978881440585e-07, 6.135846049304394e-07, 5.828817781217133e-07, -2.5078323037490413e-06, 1.8768293595650132e-06, -3.3949160375967846e-06, 1.4899153875057303e-06, -2.212299475903845e-07]]
R->P3
[[3.383530966516446e-07, -2.1538809813481663e-06, 2.350931107564236e-06, -2.0725629283624425e-06, 1.9796557512719026e-06, -8.432495333249301e-07, -4.912586209007697e-07, 1.0037064613124813e-06, -3.808566186730422e-07, 7.234180870313578e-07, -3.0433924559300496e-07, 1.3958950721357222e-06, -1.847681529824896e-06, 1.7799612081308147e-06, -1.8037272650137104e-06]]
R->P1
[[-5.770888478195957e-07, -1.4765730095567253e-06, 4.4977699821535655e-07, -1.2981275565593364e-06, 1.5124953692876447e-06, 1.9701448236708607e-07, 9.952097775912938e-07, 1.5889597087398455e-06, 2.955087136796708e-08, 9.898869915425657e-07, -3.408668301915427e-07, -4.031190497383319e-07, -1.4669389553426115e-06, -2.4784164606890535e-07, -1.2728145109067168e-06]]
P1->P2
[[-2.0955742030537294e-07, 9.790733557224485e-08, -2.771157525671697e-07, 2.3238992064023023e-07, -1.1337046856851885e-08, 2.572460555683165e-07, 9.695397817921503e-08, 2.757808204023604e-08, 1.8928103528992324e-08, -2.493281048288054e-07, -3.687617433634216e-09, -2.866155957015337e-07, 1.218441036954232e-07, -1.3858457270643498e-07, 2.0692767277452617e-07]]
P1->P3
[[0.0, 0.0, 0.0, 0.0, 0.0, 0.0, 0.0, 0.0, 0.0, 0.0, 0.0, 0.0, 0.0, 0.0, 0.0]]
P2->P3
[[-9.910134934898451e-08, -7.819559220967331e-07, -1.6622337381533292e-07, -5.915780945664473e-07, -8.786308552249933e-08, -2.717886194228414e-07, -8.870957371454047e-09, 5.771407720657484e-08, -6.313205357794116e-09, 2.3613708157246838e-07, -1.307562275620032e-07, 2.0045296791372513e-07, -2.779223787306023e-07, 9.23504134969777e-08, -2.844385507076025e-07]]
