==============================
W2_Frequencies_1
R->P2
[[0. 0. 0. 0. 0. 0. 0. 0. 0. 0. 0. 0. 0. 0. 0.]]
R->P3
[[0. 0. 0. 0. 0. 0. 0. 0. 0. 0. 0. 0. 0. 0. 0.]]
R->P1
[[-3.13039954e-03  5.92218042e-03 -4.90520039e-03  3.39772141e-03
  -1.65244917e-03 -9.87071248e-05  1.60909809e-03 -2.65708075e-03
   3.23337684e-03 -3.27731059e-03  2.90305961e-03 -2.29226426e-03
   1.55605824e-03 -8.55205881e-04  3.52873855e-04]]
P1->P2
[[0. 0. 0. 0. 0. 0. 0. 0. 0. 0. 0. 0. 0. 0. 0.]]
P1->P3
[[0. 0. 0. 0. 0. 0. 0. 0. 0. 0. 0. 0. 0. 0. 0.]]
P2->P3
[[ 9.52815270e-07 -6.23064519e-07  8.67632700e-07 -5.82623867e-07
   1.41912736e-06  1.60085199e-07  1.11693578e-07  7.22514556e-08
   2.72244502e-07  1.08612387e-06 -6.79915510e-07  5.59463634e-07
  -3.40479873e-07  1.31858813e-06 -6.22281572e-07]]
==============================
W2_Energy_1
R->P2
[[0. 0. 0. 0. 0. 0. 0. 0. 0. 0. 0. 0. 0. 0. 0.]]
R->P3
[[0. 0. 0. 0. 0. 0. 0. 0. 0. 0. 0. 0. 0. 0. 0.]]
R->P1
[[-9.28318634e-06  1.77153561e-05 -1.50352878e-05  1.09682542e-05
  -6.10665156e-06  9.56747448e-07  3.80183059e-06 -7.40898907e-06
   9.78876132e-06 -1.05038826e-05  9.76241337e-06 -8.06726532e-06
   5.70076863e-06 -3.24598779e-06  1.39091901e-06]]
P1->P2
[[0. 0. 0. 0. 0. 0. 0. 0. 0. 0. 0. 0. 0. 0. 0.]]
P1->P3
[[0. 0. 0. 0. 0. 0. 0. 0. 0. 0. 0. 0. 0. 0. 0.]]
P2->P3
[[0. 0. 0. 0. 0. 0. 0. 0. 0. 0. 0. 0. 0. 0. 0.]]
==============================
W1_Frequencies_1
R->P2
[[0. 0. 0. 0. 0. 0. 0. 0. 0. 0. 0. 0. 0. 0. 0.]]
R->P3
[[0. 0. 0. 0. 0. 0. 0. 0. 0. 0. 0. 0. 0. 0. 0.]]
R->P1
[[-0.00437211  0.00831011 -0.00697194  0.00496516 -0.00260475  0.00016696
   0.00201733 -0.00361106  0.00459384 -0.00481107  0.00438769 -0.00356738
   0.00248815 -0.001402    0.00059488]]
P1->P2
[[0. 0. 0. 0. 0. 0. 0. 0. 0. 0. 0. 0. 0. 0. 0.]]
P1->P3
[[0. 0. 0. 0. 0. 0. 0. 0. 0. 0. 0. 0. 0. 0. 0.]]
P2->P3
[[0. 0. 0. 0. 0. 0. 0. 0. 0. 0. 0. 0. 0. 0. 0.]]
==============================
B5_Energy_1
R->P2
[[ 1.93112270e-07  6.27796344e-08  3.78955675e-08  9.77028796e-09
  -1.50217828e-09 -1.96432054e-09 -4.43465239e-11  1.22727998e-09
   1.20868302e-09  1.68921757e-09  1.97615460e-10 -5.64327877e-09
  -9.02759862e-09 -7.06094017e-09 -2.95714924e-09]]
R->P3
[[-1.54761705e-04  2.94175179e-05  1.69660491e-05  9.14730278e-06
   4.71047622e-06  2.28393359e-06  1.07496308e-06  4.85181022e-07
   1.95533192e-07  9.46917548e-08  2.04610432e-08  1.62482700e-08
  -4.55315516e-09  1.76227042e-08 -1.31601399e-08]]
R->P1
[[-8.98173039e-06  3.40159816e-05 -2.77161607e-05  2.47024217e-05
  -1.75181896e-05  1.16559765e-05 -4.99932604e-06 -1.00888588e-08
   4.08047441e-06 -6.22226305e-06  6.82775819e-06 -6.19917093e-06
   4.65130386e-06 -2.76620307e-06  1.22792083e-06]]
P1->P2
[[ 5.65075990e-06  1.50700233e-06  9.13783653e-07  6.54480747e-07
   3.50997355e-07  2.49053526e-07  1.14034706e-07  8.23824093e-08
   4.00768698e-08  1.60359236e-08  1.38134201e-08  1.15945175e-09
   2.22664774e-08 -1.20040187e-08  1.75244875e-08]]
P1->P3
[[-1.66494916e-03  1.45434038e-03  1.19150438e-05 -1.32804848e-05
   1.26768970e-05 -8.05723512e-06  1.65564965e-06  5.09686575e-06
  -8.43308824e-06  6.49640533e-06 -2.74372976e-06  3.92097478e-06
  -8.29103227e-06  9.13563664e-06 -3.90766521e-06]]
P2->P3
[[-1.94594021e-04  3.57126538e-05  2.09215805e-05  1.17387899e-05
   6.20566344e-06  3.09368247e-06  1.41100813e-06  6.10094844e-07
   2.40620726e-07  6.71559779e-08  1.53090145e-08 -1.08788719e-08
   6.21481495e-09 -6.50868113e-09  4.45091096e-09]]
==============================
B3_NejScale_1
R->P2
[[ 2.20009510e-01  6.41906246e-03 -2.44203043e-03 -5.41326411e-04
  -5.11779414e-04 -9.47680746e-04 -9.72837228e-04 -8.43549961e-04
  -7.07186644e-04 -4.05811893e-04 -3.66661058e-04 -1.38512519e-04
  -1.58664216e-04 -1.92006587e-05 -6.52792992e-05]]
R->P3
[[ 3.92478536e-01 -1.26975115e-02 -1.13448482e-02 -7.61746482e-03
  -5.15328113e-03 -3.57561618e-03 -2.40948611e-03 -1.58812594e-03
  -1.05420482e-03 -6.13883129e-04 -4.26940772e-04 -2.00758039e-04
  -1.60808903e-04 -4.06830041e-05 -5.81523038e-05]]
R->P1
[[ 3.96081252e-01 -1.26983986e-02 -4.82066957e-03 -9.17016253e-03
   3.80899352e-04 -6.46498287e-03  2.64692855e-03 -5.31174689e-03
   3.49064463e-03 -4.28564561e-03  3.03784658e-03 -2.78774322e-03
   1.72634627e-03 -1.07612078e-03  4.01110711e-04]]
P1->P2
[[-8.28531209e-04 -1.67240615e-03 -1.49104642e-03 -1.35599194e-03
  -1.09746524e-03 -9.03082165e-04 -6.78295383e-04 -5.01753783e-04
  -3.67981613e-04 -2.35378017e-04 -1.86830224e-04 -9.06447147e-05
  -9.12848378e-05 -2.22544238e-05 -4.03570798e-05]]
P1->P3
[[-7.37935622e-06 -1.93317235e-05 -1.40999656e-05 -1.70703208e-05
  -1.24220845e-05 -1.32081119e-05 -1.01442787e-05 -8.56976247e-06
  -7.71820593e-06 -4.40756111e-06 -5.83253004e-06 -1.80288871e-06
  -4.41741929e-06 -4.09437954e-07 -2.81115674e-06]]
P2->P3
[[-1.65591715e-03 -3.31953469e-03 -2.97345008e-03 -2.68212887e-03
  -2.17793033e-03 -1.77752153e-03 -1.33196979e-03 -9.75254843e-04
  -7.02276383e-04 -4.46320175e-04 -3.41649895e-04 -1.68114363e-04
  -1.59139557e-04 -3.97144138e-05 -6.67182357e-05]]
==============================
B4_NejScale_1
R->P2
[[ 2.20009510e-01  6.41906246e-03 -2.44203043e-03 -5.41326411e-04
  -5.11779414e-04 -9.47680746e-04 -9.72837228e-04 -8.43549961e-04
  -7.07186644e-04 -4.05811893e-04 -3.66661058e-04 -1.38512519e-04
  -1.58664216e-04 -1.92006587e-05 -6.52792992e-05]]
R->P3
[[ 3.92478536e-01 -1.26975115e-02 -1.13448482e-02 -7.61746482e-03
  -5.15328113e-03 -3.57561618e-03 -2.40948611e-03 -1.58812594e-03
  -1.05420482e-03 -6.13883129e-04 -4.26940772e-04 -2.00758039e-04
  -1.60808903e-04 -4.06830041e-05 -5.81523038e-05]]
R->P1
[[ 3.96081252e-01 -1.26983986e-02 -4.82066957e-03 -9.17016253e-03
   3.80899352e-04 -6.46498287e-03  2.64692855e-03 -5.31174689e-03
   3.49064463e-03 -4.28564561e-03  3.03784658e-03 -2.78774322e-03
   1.72634627e-03 -1.07612078e-03  4.01110711e-04]]
P1->P2
[[-8.28531209e-04 -1.67240615e-03 -1.49104642e-03 -1.35599194e-03
  -1.09746524e-03 -9.03082165e-04 -6.78295383e-04 -5.01753783e-04
  -3.67981613e-04 -2.35378017e-04 -1.86830224e-04 -9.06447147e-05
  -9.12848378e-05 -2.22544238e-05 -4.03570798e-05]]
P1->P3
[[-7.37935622e-06 -1.93317235e-05 -1.40999656e-05 -1.70703208e-05
  -1.24220845e-05 -1.32081119e-05 -1.01442787e-05 -8.56976247e-06
  -7.71820593e-06 -4.40756111e-06 -5.83253004e-06 -1.80288871e-06
  -4.41741929e-06 -4.09437954e-07 -2.81115674e-06]]
P2->P3
[[-1.65591715e-03 -3.31953469e-03 -2.97345008e-03 -2.68212887e-03
  -2.17793033e-03 -1.77752153e-03 -1.33196979e-03 -9.75254843e-04
  -7.02276383e-04 -4.46320175e-04 -3.41649895e-04 -1.68114363e-04
  -1.59139557e-04 -3.97144138e-05 -6.67182357e-05]]
==============================
W1_Energy_1
R->P2
[[0. 0. 0. 0. 0. 0. 0. 0. 0. 0. 0. 0. 0. 0. 0.]]
R->P3
[[0. 0. 0. 0. 0. 0. 0. 0. 0. 0. 0. 0. 0. 0. 0.]]
R->P1
[[-2.56509703e-05  5.00277091e-05 -4.61518466e-05  4.01523325e-05
  -3.27042456e-05  2.44737706e-05 -1.62978542e-05  9.08252580e-06
  -3.17030850e-06 -8.76313955e-07  3.07669385e-06 -3.78338928e-06
   3.26654434e-06 -2.10034563e-06  9.90016379e-07]]
P1->P2
[[-3.09026280e-08  6.09841875e-08 -5.87047884e-08  5.50350361e-08
  -5.01406923e-08  4.43642937e-08 -3.80108444e-08  3.13222516e-08
  -2.48303780e-08  1.86898792e-08 -1.32261155e-08  8.71388285e-09
  -5.13108264e-09  2.52094304e-09 -9.38361355e-10]]
P1->P3
[[0. 0. 0. 0. 0. 0. 0. 0. 0. 0. 0. 0. 0. 0. 0.]]
P2->P3
[[0. 0. 0. 0. 0. 0. 0. 0. 0. 0. 0. 0. 0. 0. 0.]]
==============================
W3_SymmetryFactor_1
R->P2
[[0. 0. 0. 0. 0. 0. 0. 0. 0. 0. 0. 0. 0. 0. 0.]]
R->P3
[[ 2.08623511e-06 -4.11703993e-06  3.96315782e-06 -3.71541301e-06
   3.38499603e-06 -2.99503169e-06  2.56611050e-06 -2.11456386e-06
   1.67629785e-06 -1.26175298e-06  8.92894538e-07 -5.88273933e-07
   3.46399219e-07 -1.70188736e-07  6.33487542e-08]]
R->P1
[[ 0.01526496 -0.03034863  0.02995501 -0.02922306  0.02802994 -0.02639164
   0.02424772 -0.0214796   0.01838848 -0.01492452  0.0113639  -0.00805095
   0.00506964 -0.00264573  0.00104907]]
P1->P2
[[0. 0. 0. 0. 0. 0. 0. 0. 0. 0. 0. 0. 0. 0. 0.]]
P1->P3
[[0. 0. 0. 0. 0. 0. 0. 0. 0. 0. 0. 0. 0. 0. 0.]]
P2->P3
[[0. 0. 0. 0. 0. 0. 0. 0. 0. 0. 0. 0. 0. 0. 0.]]
==============================
B6_Energy_1
R->P2
[[ 5.75015216e-05 -2.09070353e-05 -9.68008737e-06 -5.32784761e-06
  -2.56214790e-06 -1.03769085e-06 -3.59813129e-07 -9.03493680e-08
   2.66936348e-08  1.08372346e-08  3.96934237e-08  8.24851749e-09
   1.00459493e-08  1.82522377e-10  1.17042692e-08]]
R->P3
[[-6.11417807e-07 -3.26479032e-07 -1.67257336e-07 -6.67687401e-08
  -4.62272911e-09  1.86198159e-08  2.24000487e-08  7.01210022e-09
   8.28668861e-09  1.88704731e-08  8.43129131e-10  1.62252927e-09
   3.36218596e-09  1.03791002e-08 -6.00687989e-09]]
R->P1
[[-9.79740421e-06  1.72378608e-05 -1.50065349e-05  1.06715228e-05
  -5.89410388e-06  7.74794753e-07  3.92578749e-06 -7.39926314e-06
   9.68831969e-06 -1.02923770e-05  9.51018429e-06 -7.81817724e-06
   5.48189524e-06 -3.11594176e-06  1.31729028e-06]]
P1->P2
[[-2.58289272e-06 -3.65972078e-06 -2.34968198e-06 -1.40919998e-06
  -8.05988506e-07 -4.09390760e-07 -2.08843700e-07 -9.31917682e-08
  -3.51520745e-08 -1.46494154e-08 -3.19411138e-10 -4.51557309e-09
   1.05274222e-08 -2.62068678e-09 -9.69126988e-10]]
P1->P3
[[ 1.77463137e-09  1.52525275e-09  3.41719292e-09  1.64061997e-09
   2.86434886e-09  1.64684317e-09  1.97570171e-09  1.68733734e-09
   1.14546803e-09  1.71222465e-09  3.15321731e-10  1.27528903e-09
  -5.34212161e-10  5.99897625e-10 -8.83848984e-10]]
P2->P3
[[-3.04301121e-06 -4.43472011e-06 -2.87248743e-06 -1.71475618e-06
  -9.28593424e-07 -4.47674024e-07 -1.86418091e-07 -4.77459436e-08
  -1.17282517e-09  2.07690966e-08  1.42556773e-08  1.00927517e-08
   1.71929689e-08 -2.06982017e-10  4.61584094e-09]]
==============================
B5_Frequencies_1
R->P2
[[ 2.00746770e-03  1.31022230e-03  8.72212285e-04  5.49351408e-04
   3.34275980e-04  1.83332226e-04  9.51063295e-05  4.47966259e-05
   1.58071488e-05  8.31626045e-06 -2.69541890e-06  3.42532063e-06
  -6.76457425e-06  2.24946697e-06 -5.36758116e-06]]
R->P3
[[-1.56069926e+00 -2.53602587e-02 -7.82400313e-03  9.66041644e-04
   4.03024700e-03  4.53533268e-03  3.76013408e-03  2.78963780e-03
   1.95488554e-03  1.21274328e-03  8.52291837e-04  4.20064466e-04
   3.51286006e-04  1.04612287e-04  1.38065618e-04]]
R->P1
[[ 0.07445085  0.04432613  0.0248112   0.02109824  0.01105023  0.00762831
   0.00586311  0.00114166  0.0039274  -0.0011468   0.00256359 -0.0011849
   0.00126729 -0.00048392  0.00032525]]
P1->P2
[[4.41522824e-02 2.48376419e-02 1.76282460e-02 1.23309485e-02
  8.18307105e-03 5.40065258e-03 3.41919885e-03 2.12887605e-03
  1.34036848e-03 7.54625443e-04 5.26309840e-04 2.30793869e-04
  2.22992136e-04 4.67986573e-05 9.51707189e-05]]
P1->P3
[[-5.48402984e-01 -6.05965398e-01 -2.19743669e-01 -6.88713891e-02
  -2.36371903e-02 -6.84755998e-03 -1.57126444e-03  8.37294980e-04
   8.16621631e-04  7.38717058e-04  1.53901810e-03 -1.83476813e-04
   6.93132184e-04 -4.39258426e-05  1.67036887e-04]]
P2->P3
[[-1.49525896e+00 -5.49328820e-02 -2.78923271e-02 -1.22296948e-02
  -4.05049915e-03 -5.92899373e-05  1.32808788e-03  1.58653166e-03
   1.37985124e-03  9.57234223e-04  7.32529071e-04  3.75718299e-04
   3.27569451e-04  9.14333459e-05  1.29438493e-04]]
==============================
B1_NejScale_1
R->P2
[[ 2.20009510e-01  6.41906246e-03 -2.44203043e-03 -5.41326411e-04
  -5.11779414e-04 -9.47680746e-04 -9.72837228e-04 -8.43549961e-04
  -7.07186644e-04 -4.05811893e-04 -3.66661058e-04 -1.38512519e-04
  -1.58664216e-04 -1.92006587e-05 -6.52792992e-05]]
R->P3
[[ 3.92478536e-01 -1.26975115e-02 -1.13448482e-02 -7.61746482e-03
  -5.15328113e-03 -3.57561618e-03 -2.40948611e-03 -1.58812594e-03
  -1.05420482e-03 -6.13883129e-04 -4.26940772e-04 -2.00758039e-04
  -1.60808903e-04 -4.06830041e-05 -5.81523038e-05]]
R->P1
[[ 3.96081252e-01 -1.26983986e-02 -4.82066957e-03 -9.17016253e-03
   3.80899352e-04 -6.46498287e-03  2.64692855e-03 -5.31174689e-03
   3.49064463e-03 -4.28564561e-03  3.03784658e-03 -2.78774322e-03
   1.72634627e-03 -1.07612078e-03  4.01110711e-04]]
P1->P2
[[-8.28531209e-04 -1.67240615e-03 -1.49104642e-03 -1.35599194e-03
  -1.09746524e-03 -9.03082165e-04 -6.78295383e-04 -5.01753783e-04
  -3.67981613e-04 -2.35378017e-04 -1.86830224e-04 -9.06447147e-05
  -9.12848378e-05 -2.22544238e-05 -4.03570798e-05]]
P1->P3
[[-7.37935622e-06 -1.93317235e-05 -1.40999656e-05 -1.70703208e-05
  -1.24220845e-05 -1.32081119e-05 -1.01442787e-05 -8.56976247e-06
  -7.71820593e-06 -4.40756111e-06 -5.83253004e-06 -1.80288871e-06
  -4.41741929e-06 -4.09437954e-07 -2.81115674e-06]]
P2->P3
[[-1.65591715e-03 -3.31953469e-03 -2.97345008e-03 -2.68212887e-03
  -2.17793033e-03 -1.77752153e-03 -1.33196979e-03 -9.75254843e-04
  -7.02276383e-04 -4.46320175e-04 -3.41649895e-04 -1.68114363e-04
  -1.59139557e-04 -3.97144138e-05 -6.67182357e-05]]
==============================
B6_Frequencies_1
R->P2
[[ 5.95560852e-01 -1.21604349e-01 -6.58078165e-02 -4.72241980e-02
  -2.90838004e-02 -1.56520103e-02 -7.84756176e-03 -3.60151563e-03
  -1.30885815e-03 -6.15607790e-04  4.87296610e-05 -5.72525103e-05
   1.41321500e-04 -3.14327710e-05  1.01883723e-04]]
R->P3
[[-7.75032848e-03 -6.28338553e-03 -3.94461483e-03 -1.97773254e-03
  -7.84754420e-04 -1.79055057e-04  7.97029521e-05  1.57472799e-04
   1.49931906e-04  1.19517547e-04  8.02444435e-05  4.85714444e-05
   2.82098749e-05  2.14024210e-05  5.42235513e-06]]
R->P1
[[-2.79331611e-02  3.47632433e-02 -4.17390825e-02  3.26792036e-02
  -3.09567754e-02  2.47150234e-02 -1.99051556e-02  1.49344950e-02
  -1.04405554e-02  6.94550265e-03 -4.07764209e-03  2.22855478e-03
  -9.72407270e-04  3.59852071e-04 -6.36241324e-05]]
P1->P2
[[-3.09316194e-02 -4.88865697e-02 -3.52523240e-02 -2.38911802e-02
  -1.54295741e-02 -9.42228962e-03 -5.55181140e-03 -3.10653390e-03
  -1.68375992e-03 -8.70249733e-04 -4.31627240e-04 -2.00568547e-04
  -9.17367610e-05 -3.84505573e-05 -1.89692897e-05]]
P1->P3
[[ 5.92438972e-06  1.02532991e-05  1.12320824e-05  9.34175363e-06
   9.44410625e-06  7.65557322e-06  6.89726558e-06  5.64683209e-06
   4.21489030e-06  3.63827252e-06  1.76857372e-06  1.77038259e-06
  -1.09725056e-08  5.17696606e-07 -6.54989545e-07]]
P2->P3
[[-3.97055357e-02 -6.47415973e-02 -4.76476806e-02 -3.26381521e-02
  -2.09660127e-02 -1.26459524e-02 -7.20189337e-03 -3.85035915e-03
  -1.92751884e-03 -8.93050238e-04 -3.60872304e-04 -1.34036628e-04
  -1.97346928e-05 -7.11760857e-06  1.92100221e-05]]
==============================
B7_NejScale_1
R->P2
[[ 2.20009510e-01  6.41906246e-03 -2.44203043e-03 -5.41326411e-04
  -5.11779414e-04 -9.47680746e-04 -9.72837228e-04 -8.43549961e-04
  -7.07186644e-04 -4.05811893e-04 -3.66661058e-04 -1.38512519e-04
  -1.58664216e-04 -1.92006587e-05 -6.52792992e-05]]
R->P3
[[ 3.92478536e-01 -1.26975115e-02 -1.13448482e-02 -7.61746482e-03
  -5.15328113e-03 -3.57561618e-03 -2.40948611e-03 -1.58812594e-03
  -1.05420482e-03 -6.13883129e-04 -4.26940772e-04 -2.00758039e-04
  -1.60808903e-04 -4.06830041e-05 -5.81523038e-05]]
R->P1
[[ 3.96081252e-01 -1.26983986e-02 -4.82066957e-03 -9.17016253e-03
   3.80899352e-04 -6.46498287e-03  2.64692855e-03 -5.31174689e-03
   3.49064463e-03 -4.28564561e-03  3.03784658e-03 -2.78774322e-03
   1.72634627e-03 -1.07612078e-03  4.01110711e-04]]
P1->P2
[[-8.28531209e-04 -1.67240615e-03 -1.49104642e-03 -1.35599194e-03
  -1.09746524e-03 -9.03082165e-04 -6.78295383e-04 -5.01753783e-04
  -3.67981613e-04 -2.35378017e-04 -1.86830224e-04 -9.06447147e-05
  -9.12848378e-05 -2.22544238e-05 -4.03570798e-05]]
P1->P3
[[-7.37935622e-06 -1.93317235e-05 -1.40999656e-05 -1.70703208e-05
  -1.24220845e-05 -1.32081119e-05 -1.01442787e-05 -8.56976247e-06
  -7.71820593e-06 -4.40756111e-06 -5.83253004e-06 -1.80288871e-06
  -4.41741929e-06 -4.09437954e-07 -2.81115674e-06]]
P2->P3
[[-1.65591715e-03 -3.31953469e-03 -2.97345008e-03 -2.68212887e-03
  -2.17793033e-03 -1.77752153e-03 -1.33196979e-03 -9.75254843e-04
  -7.02276383e-04 -4.46320175e-04 -3.41649895e-04 -1.68114363e-04
  -1.59139557e-04 -3.97144138e-05 -6.67182357e-05]]
==============================
B6_SymmetryFactor_1
R->P2
[[ 1.65575013e-01 -4.12132961e-02 -2.10017791e-02 -1.38319088e-02
  -7.95342344e-03 -4.01138540e-03 -1.87606589e-03 -7.93421480e-04
  -2.38465226e-04 -1.04670383e-04  4.48335430e-05  1.28298719e-06
   4.06185883e-05 -5.11502206e-06  2.75703602e-05]]
R->P3
[[-2.00629881e-03 -1.50494822e-03 -9.09629859e-04 -4.47014191e-04
  -1.51113651e-04 -2.30325234e-05  3.46592143e-05  4.62582936e-05
   3.83839374e-05  3.76452251e-05  1.42080302e-05  1.49566004e-05
   4.25474819e-06  6.92512775e-06 -1.59049193e-06]]
R->P1
[[ 0.02434361 -0.0533854   0.04991666 -0.04911382  0.04553112 -0.04212705
   0.03777029 -0.03276581  0.02757832 -0.02203811  0.01661745 -0.01167474
   0.00732199 -0.00380916  0.0015101 ]]
P1->P2
[[-8.11809092e-03 -1.25193865e-02 -8.77858506e-03 -5.81840522e-03
  -3.65551886e-03 -2.18250994e-03 -1.24068395e-03 -6.78014370e-04
  -3.47328169e-04 -1.80557234e-04 -7.68185279e-05 -4.12348845e-05
  -9.33106460e-06 -8.82560921e-06  2.50589452e-06]]
P1->P3
[[ 2.91300978e-06  1.26250558e-06  5.47143052e-06  1.46427871e-06
   4.24346442e-06  1.59196489e-06  2.42970370e-06  1.86379634e-06
   7.14660425e-07  2.05818221e-06 -9.18023564e-07  1.47541456e-06
  -2.21915918e-06  6.71138537e-07 -2.27410548e-06]]
P2->P3
[[-1.02126063e-02 -1.62121981e-02 -1.16365597e-02 -7.74359753e-03
  -4.84926215e-03 -2.81923721e-03 -1.55328101e-03 -7.90090009e-04
  -3.66071741e-04 -1.60677172e-04 -4.19919532e-05 -2.50689586e-05
   1.85026359e-05 -3.83810106e-06  1.13195569e-05]]
==============================
W3_Energy_1
R->P2
[[0. 0. 0. 0. 0. 0. 0. 0. 0. 0. 0. 0. 0. 0. 0.]]
R->P3
[[0. 0. 0. 0. 0. 0. 0. 0. 0. 0. 0. 0. 0. 0. 0.]]
R->P1
[[-9.12890691e-06  1.73240736e-05 -1.44731161e-05  1.02181033e-05
  -5.24474812e-06  1.61494978e-07  4.33581150e-06 -7.56784660e-06
   9.50018085e-06 -9.85704544e-06  8.91850174e-06 -7.19444933e-06
   4.98160065e-06 -2.78778977e-06  1.17297929e-06]]
P1->P2
[[0. 0. 0. 0. 0. 0. 0. 0. 0. 0. 0. 0. 0. 0. 0.]]
P1->P3
[[0. 0. 0. 0. 0. 0. 0. 0. 0. 0. 0. 0. 0. 0. 0.]]
P2->P3
[[0. 0. 0. 0. 0. 0. 0. 0. 0. 0. 0. 0. 0. 0. 0.]]
==============================
W1_SymmetryFactor_1
R->P2
[[0. 0. 0. 0. 0. 0. 0. 0. 0. 0. 0. 0. 0. 0. 0.]]
R->P3
[[0. 0. 0. 0. 0. 0. 0. 0. 0. 0. 0. 0. 0. 0. 0.]]
R->P1
[[-0.00052918  0.00091362 -0.00043366 -0.00028717  0.00112755 -0.00199913
   0.00276633 -0.00326435  0.00350623 -0.00338644  0.00296202 -0.00235815
   0.00163023 -0.00091674  0.00039016]]
P1->P2
[[ 4.74700514e-06 -9.36788467e-06  9.01774236e-06 -8.45402570e-06
   7.70219719e-06 -6.81487468e-06  5.83891038e-06 -4.81146409e-06
   3.81423655e-06 -2.87098418e-06  2.03168594e-06 -1.33855452e-06
   7.88194352e-07 -3.87246345e-07  1.44143268e-07]]
P1->P3
[[0. 0. 0. 0. 0. 0. 0. 0. 0. 0. 0. 0. 0. 0. 0.]]
P2->P3
[[0. 0. 0. 0. 0. 0. 0. 0. 0. 0. 0. 0. 0. 0. 0.]]
==============================
W3_Frequencies_1
R->P2
[[0. 0. 0. 0. 0. 0. 0. 0. 0. 0. 0. 0. 0. 0. 0.]]
R->P3
[[0. 0. 0. 0. 0. 0. 0. 0. 0. 0. 0. 0. 0. 0. 0.]]
R->P1
[[-0.00359964  0.00689018 -0.00589411  0.00437179 -0.00253546  0.00055418
   0.00131917 -0.00277849  0.00379765 -0.00416784  0.00394864 -0.00332544
   0.00239071 -0.00138266  0.00060285]]
P1->P2
[[0. 0. 0. 0. 0. 0. 0. 0. 0. 0. 0. 0. 0. 0. 0.]]
P1->P3
[[0. 0. 0. 0. 0. 0. 0. 0. 0. 0. 0. 0. 0. 0. 0.]]
P2->P3
[[0. 0. 0. 0. 0. 0. 0. 0. 0. 0. 0. 0. 0. 0. 0.]]
==============================
B5_SymmetryFactor_1
R->P2
[[ 5.48745843e-04  3.17117000e-04  2.11400197e-04  1.27317989e-04
   7.58331110e-05  4.20849407e-05  2.06724468e-05  1.07768862e-05
   2.48800907e-06  2.00013882e-06 -5.64533197e-06  2.99692613e-06
  -7.22843901e-06  1.97060796e-06 -2.11459891e-06]]
R->P3
[[-4.11643445e-01  1.26021093e-02  8.94497726e-03  6.08531993e-03
   3.94753315e-03  2.52279620e-03  1.55449527e-03  9.43379175e-04
   5.72736854e-04  3.18809894e-04  2.08375169e-04  9.54294289e-05
   7.94463505e-05  2.22555283e-05  2.98145100e-05]]
R->P1
[[ 0.01788117  0.01629525  0.00152729  0.00842262  0.00078661  0.00210709
   0.00251144 -0.00197014  0.0038678  -0.00345645  0.00355821 -0.00274804
   0.0020386  -0.00111866  0.00050192]]
P1->P2
[[1.28871913e-02 6.35606460e-03 4.44226066e-03 3.08097979e-03
  2.01640059e-03 1.31931008e-03 8.30720395e-04 5.05369175e-04
  3.24402382e-04 1.70252588e-04 1.24380126e-04 4.70631182e-05
  5.38959560e-05 7.10147910e-06 2.26626696e-05]]
P1->P3
[[-4.32043486e-01  4.07344457e-03  3.26341830e-03  2.56187472e-03
   1.82439875e-03  1.33302495e-03  8.98069457e-04  6.08481417e-04
   4.16075565e-04  2.39591944e-04  1.99982358e-04  7.73570222e-05
   9.82860867e-05  1.55640364e-05  4.09971125e-05]]
P2->P3
[[-4.20127741e-01  8.66184416e-03  6.33428662e-03  4.48939757e-03
   3.01702106e-03  1.99272753e-03  1.25506419e-03  7.83177015e-04
   4.78814781e-04  2.72901494e-04  1.80429631e-04  7.99845840e-05
   7.43929996e-05  1.87476726e-05  3.02798253e-05]]
==============================
W2_SymmetryFactor_1
R->P2
[[0. 0. 0. 0. 0. 0. 0. 0. 0. 0. 0. 0. 0. 0. 0.]]
R->P3
[[0. 0. 0. 0. 0. 0. 0. 0. 0. 0. 0. 0. 0. 0. 0.]]
R->P1
[[ 1.05373846 -1.79576795  1.09370566 -0.4183926   0.12062691 -0.27613774
   0.59344022 -0.6067244   0.14945493  0.67612375 -1.45799659  1.72541963
  -1.38961059  0.73635126 -0.14149348]]
P1->P2
[[ 0.00330384 -0.0056324   0.00343493 -0.00131952  0.00038335 -0.00086373
   0.00185037 -0.00188811  0.00045647  0.00212458 -0.0045675   0.00540148
  -0.00434934  0.00230492 -0.00044369]]
P1->P3
[[0. 0. 0. 0. 0. 0. 0. 0. 0. 0. 0. 0. 0. 0. 0.]]
P2->P3
[[0. 0. 0. 0. 0. 0. 0. 0. 0. 0. 0. 0. 0. 0. 0.]]
==============================
B2_NejScale_1
R->P2
[[ 2.20009510e-01  6.41906246e-03 -2.44203043e-03 -5.41326411e-04
  -5.11779414e-04 -9.47680746e-04 -9.72837228e-04 -8.43549961e-04
  -7.07186644e-04 -4.05811893e-04 -3.66661058e-04 -1.38512519e-04
  -1.58664216e-04 -1.92006587e-05 -6.52792992e-05]]
R->P3
[[ 3.92478536e-01 -1.26975115e-02 -1.13448482e-02 -7.61746482e-03
  -5.15328113e-03 -3.57561618e-03 -2.40948611e-03 -1.58812594e-03
  -1.05420482e-03 -6.13883129e-04 -4.26940772e-04 -2.00758039e-04
  -1.60808903e-04 -4.06830041e-05 -5.81523038e-05]]
R->P1
[[ 3.96081252e-01 -1.26983986e-02 -4.82066957e-03 -9.17016253e-03
   3.80899352e-04 -6.46498287e-03  2.64692855e-03 -5.31174689e-03
   3.49064463e-03 -4.28564561e-03  3.03784658e-03 -2.78774322e-03
   1.72634627e-03 -1.07612078e-03  4.01110711e-04]]
P1->P2
[[-8.28531209e-04 -1.67240615e-03 -1.49104642e-03 -1.35599194e-03
  -1.09746524e-03 -9.03082165e-04 -6.78295383e-04 -5.01753783e-04
  -3.67981613e-04 -2.35378017e-04 -1.86830224e-04 -9.06447147e-05
  -9.12848378e-05 -2.22544238e-05 -4.03570798e-05]]
P1->P3
[[-7.37935622e-06 -1.93317235e-05 -1.40999656e-05 -1.70703208e-05
  -1.24220845e-05 -1.32081119e-05 -1.01442787e-05 -8.56976247e-06
  -7.71820593e-06 -4.40756111e-06 -5.83253004e-06 -1.80288871e-06
  -4.41741929e-06 -4.09437954e-07 -2.81115674e-06]]
P2->P3
[[-1.65591715e-03 -3.31953469e-03 -2.97345008e-03 -2.68212887e-03
  -2.17793033e-03 -1.77752153e-03 -1.33196979e-03 -9.75254843e-04
  -7.02276383e-04 -4.46320175e-04 -3.41649895e-04 -1.68114363e-04
  -1.59139557e-04 -3.97144138e-05 -6.67182357e-05]]
